0 0.713812 0.516245 0.16273 0.126662 0.978022
0 0.334404 0.949916 0.075642 0.0653152 0.977913
0 0.259572 0.507087 0.159539 0.113722 0.976817
0 0.433912 0.0351747 0.0954081 0.049981 0.974388
0 0.452445 0.196646 0.165221 0.154874 0.973468
0 0.729758 0.700698 0.0884523 0.0641344 0.97327
0 0.179375 0.310473 0.0793703 0.055274 0.967334
0 0.0483654 0.83158 0.0676639 0.0694349 0.965895
0 0.134283 0.207832 0.10227 0.0924185 0.960094
0 0.223014 0.412954 0.0708868 0.0568831 0.956084
0 0.405302 0.485597 0.0616174 0.0665422 0.948314
0 0.301443 0.667298 0.157738 0.104539 0.946456
0 0.6514 0.343435 0.173879 0.141914 0.944181
0 0.845066 0.679778 0.170541 0.0924335 0.94055
0 0.175365 0.108965 0.0917254 0.0685539 0.939676
0 0.884312 0.276025 0.0569359 0.0600513 0.938852
0 0.231195 0.219236 0.0755949 0.0757737 0.937777
0 0.300778 0.860401 0.0891599 0.0484598 0.935082
0 0.62669 0.763349 0.0618337 0.0405485 0.934391
0 0.0467546 0.900962 0.0922971 0.047283 0.932961
0 0.336543 0.0243336 0.0757337 0.0482799 0.922488
0 0.65615 0.21902 0.179933 0.138323 0.9107
0 0.45968 0.510482 0.050557 0.0743426 0.909625
0 0.171358 0.439251 0.0735368 0.0521192 0.903854
0 0.814369 0.523112 0.0573786 0.0369942 0.86902
0 0.233409 0.0149253 0.051185 0.0280201 0.863178
0 0.553062 0.513457 0.031824 0.0595236 0.858695
0 0.332543 0.0843478 0.0524021 0.0404558 0.845157
0 0.111825 0.278487 0.0582062 0.0383994 0.843427
0 0.254339 0.765957 0.0538832 0.0175102 0.838351
0 0.399547 0.669118 0.0244717 0.0232643 0.832442
0 0.410074 0.418904 0.029555 0.0252903 0.825349
0 0.846164 0.308325 0.0270096 0.0235137 0.819175
0 0.84509 0.749776 0.0359604 0.0199986 0.814281
0 0.0287891 0.476073 0.0575781 0.0251917 0.807775
0 0.431626 0.88556 0.132062 0.0635021 0.794366
0 0.375178 0.251105 0.0515729 0.0360028 0.767031
0 0.917035 0.900299 0.0288914 0.0197472 0.756959
0 0.460474 0.447145 0.049826 0.0334893 0.733638
0 0.0299277 0.272524 0.0240659 0.0194792 0.697102
0 0.464718 0.323293 0.0409409 0.0267438 0.67348
0 0.559488 0.89021 0.0748684 0.0173809 0.669942
0 0.184654 0.6682 0.178906 0.0606865 0.613707
0 0.193721 0.746956 0.041159 0.0268906 0.561393
0 0.693568 0.747548 0.0382924 0.0265566 0.506485
0 0.122551 0.343928 0.0269993 0.0192469 0.43902
0 0.116079 0.705506 0.0413899 0.0269113 0.391706
0 0.397776 0.731395 0.0240279 0.0182116 0.359485
0 0.483071 0.889775 0.0279284 0.0228065 0.307403
1 0.653505 0.2177 0.178275 0.134036 0.301744
