0 0.480686 0.219874 0.0679082 0.201516 0.972943
0 0.610961 0.196824 0.0739506 0.145889 0.97082
0 0.242817 0.236809 0.0426541 0.0944544 0.967891
0 0.401269 0.319476 0.074782 0.211085 0.965014
0 0.73423 0.0570975 0.0685731 0.102207 0.934919
0 0.64984 0.256887 0.0190507 0.0586136 0.885454
0 0.816101 0.468252 0.015646 0.0223763 0.875271
0 0.316386 0.685084 0.0164542 0.0304781 0.867343
0 0.72733 0.269618 0.0189238 0.0340538 0.861493
0 0.732438 0.175046 0.0195732 0.0599545 0.834491
1 0.89224 0.343582 0.0990833 0.150421 0.82727
0 0.0866514 0.873312 0.160576 0.17334 0.796211
0 0.860342 0.0942254 0.0177073 0.0226368 0.750758
0 0.175495 0.448231 0.0417604 0.075804 0.735881
1 0.263874 0.423297 0.138412 0.267785 0.724523
0 0.562316 0.540814 0.0123055 0.0234129 0.689352
0 0.482057 0.640447 0.0132704 0.0231504 0.633382
0 0.0581185 0.541259 0.0748257 0.118557 0.61805
0 0.263467 0.424446 0.13852 0.269443 0.599885
0 0.892184 0.343875 0.0998041 0.150164 0.590851
0 0.70895 0.387344 0.0219036 0.0394612 0.575044
0 0.851946 0.128765 0.0234715 0.0531241 0.572406
0 0.857692 0.1002 0.0229534 0.0209233 0.469675
0 0.176303 0.910154 0.0592248 0.118271 0.458364
0 0.558535 0.2724 0.0312672 0.0481276 0.452126
0 0.197947 0.865184 0.017302 0.0286375 0.442886
0 0.744598 0.173914 0.0194942 0.0651423 0.426891
0 0.74762 0.164454 0.0176506 0.0472681 0.404175
0 0.0817333 0.500048 0.0288275 0.0332367 0.393099
0 0.0774554 0.500653 0.0379241 0.0370954 0.289545
0 0.0191554 0.949163 0.0383108 0.08367 0.259608
0 0.280489 0.526529 0.0874533 0.0603033 0.257363
