0 0.731209 0.527595 0.0663401 0.0609574 0.983429
0 0.378881 0.221786 0.0527229 0.0854237 0.970565
0 0.283539 0.29863 0.0929887 0.139281 0.968756
0 0.10799 0.397165 0.120637 0.0734813 0.949708
0 0.586714 0.689807 0.104682 0.0664644 0.946164
0 0.0898191 0.780743 0.0877604 0.04562 0.942066
0 0.63248 0.239755 0.101629 0.0515368 0.934738
0 0.259801 0.195342 0.066945 0.0530226 0.933764
0 0.589435 0.453594 0.068573 0.064069 0.927223
0 0.556179 0.576111 0.0703558 0.0489441 0.925744
0 0.528933 0.741127 0.167907 0.0603578 0.925143
0 0.511475 0.452495 0.0647171 0.13763 0.924985
0 0.709745 0.593483 0.103314 0.0714193 0.924868
0 0.237223 0.491298 0.186474 0.119242 0.924002
0 0.394036 0.680485 0.0347963 0.0325021 0.919998
0 0.625558 0.401487 0.0730196 0.0548707 0.915521
0 0.23285 0.407441 0.0545704 0.0343967 0.914125
0 0.440662 0.159167 0.214775 0.0439147 0.897287
0 0.679649 0.302699 0.0443372 0.0356158 0.877614
0 0.38632 0.401187 0.18149 0.0338326 0.85533
0 0.115646 0.256779 0.0429528 0.0312988 0.851734
0 0.0206839 0.216233 0.0413678 0.0505211 0.848412
0 0.277995 0.747907 0.052826 0.0971987 0.842663
0 0.248771 0.380754 0.0299488 0.0234405 0.835942
0 0.0834439 0.301134 0.0527605 0.0468527 0.832073
0 0.533846 0.322823 0.0289225 0.0227626 0.818667
0 0.588579 0.595685 0.0413923 0.0317455 0.817006
0 0.0768648 0.233566 0.0310081 0.0216928 0.793888
0 0.217133 0.583135 0.042477 0.0265261 0.785776
0 0.554519 0.200453 0.0372386 0.0272707 0.76743
0 0.223038 0.479366 0.157488 0.0944761 0.764815
0 0.412563 0.33805 0.0427127 0.0276595 0.757811
0 0.251587 0.510368 0.158039 0.0787843 0.754179
0 0.343846 0.486507 0.042979 0.0228504 0.753673
0 0.327697 0.439315 0.033 0.0200884 0.719469
0 0.0121705 0.343915 0.0243409 0.0221061 0.713265
0 0.137116 0.6325 0.0165285 0.0125364 0.687753
0 0.159152 0.749916 0.0215607 0.0157656 0.63748
0 0.501008 0.301723 0.0273653 0.0164025 0.627288
0 0.318104 0.647019 0.0352266 0.102378 0.613139
0 0.668008 0.540527 0.0741655 0.0624455 0.588277
0 0.209943 0.137388 0.0172138 0.0172602 0.532976
1 0.671202 0.812364 0.127367 0.100367 0.501439
0 0.331855 0.39589 0.0757194 0.0322494 0.493288
0 0.187527 0.638218 0.0365294 0.0399549 0.483945
0 0.00439369 0.304307 0.00878738 0.0163672 0.461933
0 0.668533 0.816097 0.122021 0.0887856 0.421218
0 0.19268 0.592103 0.0195066 0.0138195 0.407858
0 0.824049 0.774017 0.0162865 0.0161797 0.402789
0 0.156727 0.645192 0.0284712 0.0294275 0.370025
0 0.011298 0.764864 0.022596 0.0170397 0.365647
0 0.490481 0.226496 0.0287207 0.0160305 0.306937
0 0.623505 0.50467 0.0139956 0.0132515 0.256017
