0 0.725077 0.669912 0.239264 0.104214 0.980219
0 0.782924 0.863393 0.126997 0.169772 0.977711
0 0.4964 0.13468 0.208583 0.241861 0.97642
0 0.308946 0.223767 0.318144 0.161964 0.974179
0 0.581497 0.419977 0.181772 0.140668 0.967487
0 0.891848 0.395377 0.213612 0.184076 0.946625
0 0.494518 0.81184 0.140886 0.1077 0.945805
0 0.502197 0.920077 0.185228 0.112201 0.939604
0 0.126614 0.231136 0.0631723 0.0583765 0.93828
0 0.887132 0.577247 0.0947918 0.0515322 0.933435
0 0.464266 0.686407 0.109924 0.0763189 0.916344
0 0.886365 0.347515 0.0698357 0.0632023 0.907645
0 0.593777 0.78162 0.0727156 0.0724264 0.900359
0 0.111182 0.810843 0.0826635 0.0416877 0.896124
0 0.164233 0.372779 0.064805 0.0680013 0.895986
0 0.0218247 0.577284 0.0436494 0.0343761 0.855321
0 0.253268 0.463398 0.0948302 0.0589752 0.855017
0 0.933199 0.185933 0.0586361 0.0571517 0.852601
0 0.157141 0.0376736 0.0632086 0.0573852 0.84882
0 0.0905723 0.0679419 0.0805462 0.0497771 0.843913
1 0.892925 0.711502 0.182865 0.113554 0.840921
0 0.0878636 0.687278 0.0678072 0.037071 0.835816
0 0.923542 0.70403 0.0305946 0.0217772 0.826391
0 0.823832 0.243898 0.0601212 0.057397 0.799816
0 0.782818 0.0591605 0.0698854 0.0331364 0.758348
0 0.123587 0.87024 0.0294714 0.0299978 0.74928
0 0.210802 0.811788 0.030266 0.0312231 0.727616
0 0.744102 0.348446 0.0587006 0.0650631 0.699796
0 0.0174727 0.215067 0.0349439 0.0549087 0.659819
0 0.0116398 0.748709 0.0232797 0.0315264 0.609677
0 0.295052 0.728904 0.0562322 0.0355306 0.581525
0 0.0111469 0.626612 0.0222938 0.0306814 0.552903
0 0.178973 0.621159 0.055558 0.0282187 0.550578
1 0.337854 0.725523 0.275353 0.16448 0.54512
0 0.184512 0.946231 0.0564473 0.0280003 0.500195
0 0.156779 0.966005 0.0285068 0.0189791 0.44197
0 0.754191 0.593642 0.0438683 0.0228271 0.40086
0 0.289323 0.717477 0.0673348 0.057617 0.370272
0 0.874426 0.720577 0.0712009 0.0293972 0.349781
0 0.0206495 0.756481 0.0412991 0.0477312 0.348833
0 0.382457 0.702785 0.0526024 0.0289495 0.307306
0 0.967252 0.966693 0.0184589 0.0135208 0.285397
0 0.349158 0.732167 0.0285667 0.0197514 0.270875
