0 0.277443 0.116685 0.355039 0.219177 0.944153
0 0.293097 0.602424 0.319059 0.264446 0.935959
0 0.694826 0.401018 0.262176 0.161152 0.933301
0 0.784412 0.853161 0.240598 0.2471 0.925964
0 0.462279 0.912561 0.175219 0.144636 0.912121
0 0.47042 0.374776 0.258008 0.187859 0.909563
0 0.753572 0.741377 0.230976 0.239224 0.904056
0 0.826116 0.29963 0.260056 0.192631 0.872593
0 0.0779486 0.393234 0.055994 0.0464092 0.831141
0 0.0592865 0.510474 0.0574859 0.0445801 0.826299
0 0.692439 0.591782 0.270791 0.221828 0.822385
0 0.12879 0.272175 0.0560731 0.0476027 0.817783
0 0.699831 0.583149 0.0815522 0.0631645 0.562256
0 0.132506 0.897254 0.265012 0.205491 0.452015
1 0.947055 0.877439 0.103929 0.245123 0.305683
