0 0.259397 0.507016 0.15927 0.113525 0.91758
0 0.178944 0.310408 0.0779227 0.0549716 0.909305
0 0.713873 0.514806 0.163954 0.126614 0.902337
0 0.626557 0.76289 0.0638895 0.039808 0.896455
0 0.650904 0.344834 0.176207 0.137318 0.891014
0 0.301953 0.667464 0.159395 0.104087 0.884619
0 0.335283 0.949903 0.0757446 0.0637349 0.881515
0 0.0480246 0.900638 0.0908951 0.0465822 0.879407
0 0.434546 0.034274 0.0949873 0.0493346 0.875618
0 0.405907 0.48659 0.0614909 0.067298 0.875005
0 0.65423 0.217095 0.184162 0.133957 0.874388
0 0.175829 0.108559 0.0932325 0.0666154 0.871891
0 0.231175 0.218532 0.0712665 0.0754238 0.871709
0 0.300789 0.859586 0.0892529 0.0475571 0.866733
0 0.222158 0.412805 0.0679035 0.055455 0.866436
0 0.171853 0.439203 0.0741995 0.0526457 0.863669
0 0.460452 0.448201 0.0504074 0.034312 0.861216
0 0.331915 0.0840844 0.0525318 0.0399129 0.853892
0 0.883665 0.276245 0.0600334 0.0589535 0.852231
0 0.112472 0.278089 0.055975 0.0379971 0.850384
0 0.0502457 0.831598 0.0702178 0.0689293 0.849399
0 0.134564 0.208333 0.104761 0.0931567 0.847143
0 0.233947 0.0159831 0.0502152 0.025859 0.845099
0 0.336696 0.0247825 0.0755946 0.0473448 0.840204
0 0.729441 0.700914 0.0879019 0.064699 0.833913
0 0.845238 0.308308 0.0291505 0.0242999 0.832283
0 0.0296407 0.475962 0.0577781 0.0251394 0.819167
0 0.375275 0.250907 0.0511926 0.036203 0.81863
0 0.206759 0.663987 0.137399 0.0486627 0.815665
0 0.814456 0.522663 0.0576155 0.0371371 0.814106
0 0.253734 0.765852 0.053608 0.0186905 0.796614
0 0.459905 0.509266 0.0484018 0.0739056 0.779113
0 0.410896 0.419237 0.0298855 0.0257662 0.774271
0 0.844988 0.749985 0.0388237 0.0208807 0.743531
0 0.694231 0.746639 0.0382997 0.0266207 0.711497
0 0.916726 0.900819 0.0282745 0.0206711 0.708467
0 0.560581 0.889728 0.0738071 0.0174716 0.668184
1 0.849701 0.679694 0.16237 0.0925716 0.636271
0 0.193462 0.747105 0.0412001 0.026215 0.628494
0 0.553802 0.513804 0.0310283 0.0630081 0.625296
0 0.453481 0.197749 0.172014 0.155208 0.613567
0 0.4652 0.323532 0.0391101 0.0252825 0.610184
0 0.400502 0.668478 0.0224273 0.0229023 0.596655
0 0.0296057 0.272923 0.0226906 0.0189567 0.596063
0 0.121073 0.344227 0.0251076 0.0162809 0.583417
0 0.429114 0.895837 0.0795219 0.0413945 0.580124
0 0.850631 0.680052 0.161258 0.0911554 0.572844
1 0.452537 0.19742 0.170613 0.1543 0.530029
0 0.398605 0.731352 0.02462 0.0176673 0.522461
0 0.419722 0.890302 0.100823 0.0534 0.503421
0 0.405802 0.607142 0.0233743 0.0139251 0.493848
0 0.116989 0.706132 0.0416645 0.0257069 0.375415
0 0.483762 0.88916 0.0270188 0.0229324 0.308878
0 0.366223 0.447904 0.0217254 0.01311 0.278627
