1 0.263225 0.422617 0.137219 0.26602 0.941117
0 0.0880665 0.869052 0.156377 0.16822 0.91659
0 0.401959 0.31795 0.0724239 0.212767 0.893237
0 0.242765 0.23717 0.042109 0.0919364 0.887291
0 0.480826 0.220699 0.0670473 0.204265 0.883599
0 0.611046 0.193128 0.0740507 0.138469 0.850882
0 0.650408 0.256756 0.0190384 0.0576604 0.840099
0 0.734105 0.0585554 0.0695485 0.106737 0.831236
0 0.892003 0.34343 0.0982925 0.148127 0.829953
0 0.081888 0.496892 0.0297756 0.0352606 0.775962
0 0.733244 0.174609 0.0187269 0.0584932 0.765932
0 0.815876 0.467 0.0154808 0.0223913 0.75831
0 0.708957 0.385179 0.0198437 0.0343727 0.706467
0 0.316745 0.685348 0.0173762 0.0289325 0.697088
0 0.482949 0.638915 0.0132886 0.0244099 0.683057
0 0.861535 0.0942277 0.0172639 0.0209125 0.649657
0 0.19793 0.865999 0.0172044 0.0288957 0.635225
0 0.0184513 0.953019 0.0369027 0.0893696 0.494476
0 0.726064 0.270124 0.0164757 0.0342174 0.480094
0 0.744866 0.158143 0.0137891 0.0307426 0.441119
0 0.56204 0.541003 0.0112375 0.0233824 0.275617
