0 0.306663 0.173311 0.469508 0.17112 0.932527
0 0.188295 0.494648 0.374449 0.095727 0.928608
0 0.709717 0.887391 0.54205 0.099749 0.908952
1 0.892721 0.255758 0.213526 0.0827924 0.839615
0 0.527435 0.546804 0.121701 0.0408317 0.824041
1 0.48417 0.597305 0.664894 0.201857 0.811291
1 0.468391 0.551239 0.673138 0.108445 0.800117
0 0.255405 0.409729 0.11936 0.042159 0.790564
0 0.288214 0.632494 0.197919 0.0606716 0.780598
0 0.538192 0.579142 0.0475868 0.0173546 0.549735
0 0.482202 0.505391 0.0379397 0.0125516 0.513622
1 0.92571 0.249116 0.145254 0.0665834 0.375977
1 0.919151 0.243968 0.122746 0.0498869 0.354193
0 0.655375 0.0767097 0.0355923 0.0168733 0.3281
