0 0.552023 0.102832 0.123063 0.148393 0.927064
0 0.597028 0.350302 0.126883 0.133881 0.919148
0 0.745665 0.0654854 0.119383 0.129481 0.888262
0 0.371667 0.226716 0.0688385 0.141215 0.885739
0 0.903152 0.368367 0.0799515 0.085017 0.877988
1 0.748437 0.82975 0.0682111 0.070033 0.876459
0 0.326353 0.376635 0.0881793 0.0864559 0.873357
0 0.782014 0.396972 0.0785719 0.116619 0.848256
0 0.516724 0.631726 0.112648 0.0599156 0.843234
0 0.536332 0.469204 0.117647 0.0671961 0.842252
0 0.514585 0.528563 0.112049 0.0674845 0.833016
0 0.235177 0.824962 0.0681501 0.0589526 0.832955
0 0.163259 0.331067 0.0314854 0.0602167 0.832771
0 0.202356 0.446968 0.0341719 0.03798 0.832226
0 0.681342 0.60211 0.071352 0.069771 0.827698
0 0.167784 0.205409 0.0323371 0.0610326 0.825594
0 0.736341 0.553284 0.0698785 0.0889145 0.822558
0 0.294421 0.617269 0.056163 0.0674146 0.808499
0 0.0728972 0.649051 0.04167 0.0510638 0.803966
0 0.195062 0.349932 0.0308142 0.0369284 0.800688
1 0.510274 0.805111 0.106763 0.0881119 0.793376
0 0.932016 0.174959 0.026915 0.0280973 0.789524
0 0.822823 0.220842 0.0673949 0.113322 0.782899
0 0.371277 0.471673 0.0403642 0.0233485 0.776807
0 0.0681686 0.876295 0.0429637 0.0607653 0.744727
0 0.296569 0.486596 0.0937281 0.0668863 0.720179
0 0.0779444 0.698798 0.0244872 0.0252984 0.716108
0 0.192079 0.708971 0.0187679 0.0257266 0.707086
0 0.677413 0.247577 0.0215255 0.0344081 0.688486
0 0.710511 0.190816 0.0181528 0.0183844 0.681555
0 0.831715 0.535138 0.0472298 0.0626794 0.677277
0 0.893816 0.27722 0.0242666 0.0248074 0.671184
1 0.416319 0.564975 0.0883753 0.0652504 0.660758
0 0.171228 0.838175 0.0340675 0.0587936 0.659582
0 0.203231 0.737125 0.01053 0.0142607 0.636898
0 0.767724 0.178797 0.0583483 0.0938069 0.631686
0 0.452029 0.225836 0.019935 0.0314714 0.624741
1 0.580837 0.687898 0.034122 0.0328074 0.619164
0 0.485952 0.706714 0.0257733 0.0231061 0.595546
0 0.145413 0.469998 0.0187276 0.027794 0.594891
0 0.105578 0.441005 0.0115207 0.0166007 0.590138
0 0.455045 0.124059 0.0185461 0.0321233 0.578465
0 0.890378 0.559816 0.0208773 0.0218709 0.548404
0 0.81243 0.710817 0.025342 0.0581987 0.513525
0 0.235237 0.539613 0.0120439 0.014616 0.495567
1 0.884055 0.729734 0.0597439 0.0827515 0.478112
0 0.208445 0.281865 0.0161562 0.0260965 0.455311
0 0.644194 0.636364 0.0264877 0.0377822 0.449115
0 0.182077 0.689963 0.0105813 0.0158162 0.448577
0 0.700151 0.159428 0.02351 0.0330189 0.44487
0 0.58091 0.687253 0.0337669 0.0326785 0.442787
0 0.388755 0.60219 0.0136496 0.0161552 0.438895
0 0.164317 0.508682 0.0407146 0.0449406 0.429053
0 0.401454 0.623432 0.0134224 0.014561 0.423725
0 0.837937 0.784171 0.0200497 0.0314077 0.401964
0 0.838341 0.384534 0.0225327 0.0240704 0.368253
1 0.977459 0.501828 0.0450822 0.0714576 0.358475
0 0.211944 0.195413 0.0175313 0.030444 0.352742
0 0.771658 0.660883 0.0251501 0.0253886 0.344905
0 0.870916 0.655884 0.0240105 0.0279487 0.33564
0 0.398812 0.696825 0.013552 0.0154266 0.32746
0 0.45512 0.773891 0.0131998 0.0152143 0.316771
0 0.234369 0.436186 0.0290919 0.0289482 0.289151
0 0.479675 0.705796 0.0393131 0.0213141 0.285025
0 0.245385 0.475107 0.0123822 0.0143246 0.282187
0 0.588893 0.711584 0.01924 0.0144521 0.255243
1 0.771876 0.653235 0.0362826 0.0486308 0.252463
