0 0.570576 0.0307711 0.259617 0.0527905 0.913072
0 0.736193 0.604548 0.296259 0.0578497 0.908196
0 0.477707 0.411221 0.290349 0.0541231 0.894036
0 0.85594 0.647442 0.18418 0.0351825 0.868108
0 0.46166 0.320468 0.226013 0.0346808 0.852056
0 0.409502 0.558222 0.262968 0.0358296 0.8469
0 0.153491 0.711678 0.235103 0.0294745 0.83697
0 0.630803 0.932263 0.253025 0.0331426 0.830137
0 0.224871 0.955545 0.207191 0.0314678 0.829791
0 0.297 0.0892103 0.166834 0.0353611 0.826537
0 0.533855 0.266432 0.198508 0.0326151 0.826086
0 0.83524 0.207955 0.160454 0.0329414 0.818508
0 0.316672 0.846679 0.136053 0.0227462 0.810936
0 0.592146 0.456941 0.16341 0.0281828 0.807319
0 0.606898 0.122588 0.205026 0.0318874 0.804217
0 0.722996 0.824636 0.187046 0.0243344 0.803541
0 0.293858 0.507459 0.187001 0.0369203 0.773735
0 0.511884 0.173661 0.162211 0.0287944 0.771744
0 0.353354 0.803667 0.172985 0.0317879 0.766626
0 0.0264648 0.682883 0.0529295 0.022888 0.579398
0 0.261722 0.607613 0.143694 0.0340587 0.322162
