0 0.0899359 0.7807 0.0880766 0.044184 0.898509
0 0.1088 0.397711 0.123647 0.0720514 0.892668
0 0.393261 0.680953 0.0347117 0.0331146 0.877547
0 0.584642 0.689099 0.105994 0.0658774 0.873413
0 0.632724 0.239463 0.10054 0.0497672 0.868845
0 0.232513 0.407638 0.0531662 0.0340548 0.868084
0 0.260334 0.195621 0.0649551 0.0514882 0.867159
0 0.732858 0.528779 0.0667472 0.0603653 0.86023
0 0.627063 0.401908 0.0700432 0.0527033 0.854429
0 0.08375 0.301121 0.0512696 0.0448089 0.853274
0 0.237592 0.492852 0.186499 0.117511 0.848885
0 0.380089 0.222417 0.0522809 0.0833807 0.843544
0 0.679535 0.302864 0.0442568 0.0341473 0.837562
0 0.559451 0.576396 0.0765586 0.0490911 0.835901
0 0.553756 0.20147 0.03763 0.02558 0.835768
0 0.116616 0.256315 0.0446089 0.0309446 0.832129
0 0.583354 0.454276 0.0795563 0.0628841 0.813784
0 0.283428 0.30097 0.093592 0.13858 0.786895
0 0.216932 0.582907 0.043096 0.0291758 0.783812
0 0.0765546 0.234643 0.0318031 0.0214353 0.759593
0 0.249325 0.381216 0.0286786 0.0222765 0.758639
0 0.278823 0.747164 0.0530368 0.0973867 0.753621
0 0.534187 0.324137 0.0271952 0.0228512 0.74638
0 0.709514 0.59423 0.103992 0.0687643 0.74499
0 0.415072 0.337937 0.0370833 0.026136 0.742429
0 0.439333 0.15846 0.212549 0.0440154 0.738336
0 0.386643 0.402742 0.180765 0.0333541 0.725647
0 0.1932 0.293574 0.0257086 0.0123369 0.717488
0 0.021326 0.216475 0.042652 0.05181 0.712884
0 0.490314 0.226941 0.0283665 0.0155023 0.667976
0 0.0115328 0.343607 0.0230655 0.0214334 0.656408
0 0.327091 0.438704 0.0296205 0.0193646 0.626865
0 0.16849 0.219309 0.0244658 0.0129391 0.622755
1 0.319063 0.649538 0.0357614 0.102591 0.597848
0 0.50192 0.301936 0.0260248 0.0147039 0.597693
0 0.343291 0.486691 0.043989 0.0226569 0.583439
0 0.525981 0.7428 0.164133 0.055565 0.56287
0 0.160216 0.75032 0.0211165 0.0160605 0.523115
0 0.33395 0.391552 0.0754257 0.0251483 0.517813
0 0.498496 0.453189 0.0375878 0.138323 0.482923
0 0.533542 0.481711 0.0302104 0.0789297 0.467852
0 0.511129 0.463762 0.0571025 0.117611 0.427075
1 0.668042 0.547013 0.0729854 0.0754981 0.416964
0 0.137216 0.634169 0.0145158 0.0123915 0.400434
0 0.665763 0.817818 0.115071 0.0820291 0.387073
0 0.186103 0.640377 0.0294709 0.0414766 0.354491
0 0.529823 0.476671 0.0364246 0.0907777 0.352692
0 0.623279 0.505182 0.010818 0.0100721 0.351876
0 0.156494 0.644843 0.0287814 0.0342944 0.319024
0 0.533104 0.735495 0.158565 0.0404953 0.290587
