0 0.892825 0.396935 0.212699 0.18053 0.946387
0 0.306793 0.225721 0.313651 0.153038 0.927472
0 0.496651 0.135222 0.208553 0.243196 0.923725
0 0.581227 0.420628 0.178327 0.136262 0.91273
0 0.784971 0.865995 0.122853 0.164437 0.90713
0 0.503064 0.921789 0.182137 0.107073 0.89883
0 0.723451 0.672281 0.236297 0.100224 0.885257
0 0.932289 0.186824 0.0561544 0.0547484 0.864428
0 0.887176 0.577821 0.0931529 0.0491252 0.854637
0 0.87478 0.721067 0.0701049 0.0280513 0.849576
0 0.468229 0.688051 0.112877 0.0726003 0.849252
0 0.0876395 0.68812 0.0666093 0.0350151 0.849162
0 0.0913994 0.0691938 0.0783895 0.0454833 0.839131
0 0.123682 0.231368 0.0585558 0.0561503 0.837397
0 0.782313 0.0589682 0.0695398 0.0316509 0.82877
0 0.887331 0.348615 0.0695172 0.0597422 0.827863
0 0.82207 0.245576 0.054718 0.0523636 0.81532
0 0.593574 0.781815 0.0735148 0.0681215 0.809555
0 0.495901 0.808947 0.133576 0.0975944 0.807112
0 0.383173 0.704098 0.0528525 0.0261407 0.803631
0 0.155185 0.0389853 0.0625931 0.0532502 0.801609
0 0.178284 0.618374 0.0566957 0.0320615 0.790979
0 0.110228 0.811046 0.0823402 0.0379618 0.773966
0 0.160363 0.382886 0.0552525 0.0473129 0.764015
0 0.0174911 0.217758 0.0349822 0.0497672 0.757401
0 0.75454 0.592005 0.0450221 0.0249367 0.724496
0 0.30158 0.730302 0.0441335 0.0339312 0.720822
0 0.924078 0.704636 0.0272493 0.0175826 0.706767
0 0.124745 0.870406 0.0273652 0.0267878 0.700231
0 0.189029 0.948122 0.0488931 0.025267 0.698568
0 0.210427 0.811746 0.0265227 0.0286102 0.696678
0 0.0111563 0.750261 0.022122 0.031543 0.689793
0 0.741214 0.360344 0.0503335 0.0408267 0.68402
0 0.601086 0.833885 0.0317222 0.0210815 0.644924
0 0.36528 0.778875 0.0305543 0.0166886 0.636488
0 0.29667 0.724203 0.0538344 0.0462011 0.594171
0 0.348925 0.734491 0.02559 0.0154129 0.59023
0 0.0107197 0.626479 0.0209243 0.0293356 0.583248
0 0.0214392 0.573466 0.0407894 0.043046 0.577217
0 0.410988 0.979296 0.0330803 0.0155577 0.542814
0 0.112051 0.337741 0.0699677 0.107659 0.537247
0 0.249452 0.458122 0.109096 0.0716119 0.471117
0 0.990865 0.992216 0.0182696 0.0141752 0.443312
0 0.990091 0.966131 0.0184622 0.0155426 0.44093
0 0.556762 0.971615 0.0652949 0.0238253 0.40317
0 0.906119 0.397097 0.110384 0.177598 0.345248
0 0.522788 0.979644 0.133508 0.0407112 0.313092
0 0.971689 0.455034 0.0268276 0.021392 0.283665
0 0.965432 0.969543 0.0174009 0.0117847 0.255525
