0 0.135469 0.208048 0.101818 0.0912241 0.951496
0 0.335871 0.949746 0.075858 0.0644165 0.921515
0 0.231676 0.218456 0.0738732 0.0750596 0.920589
0 0.302182 0.66638 0.155844 0.101835 0.915701
0 0.259161 0.5073 0.158834 0.113693 0.915262
0 0.301373 0.86 0.0900425 0.046769 0.909411
0 0.626841 0.763044 0.0625479 0.0403654 0.906859
0 0.434453 0.0344658 0.0943251 0.0477657 0.901312
0 0.337404 0.0242845 0.0774805 0.0481391 0.900657
0 0.0469429 0.899893 0.0903996 0.0459664 0.898561
0 0.173131 0.439048 0.0747064 0.0519121 0.898391
0 0.1136 0.278301 0.0531658 0.0376768 0.893021
0 0.46131 0.447723 0.0488658 0.0337569 0.891709
0 0.222342 0.412495 0.0695901 0.0556708 0.891473
0 0.883532 0.276381 0.0567795 0.0583682 0.891052
0 0.179391 0.31069 0.0804731 0.0554097 0.889993
0 0.815097 0.522392 0.0555608 0.0370247 0.889408
0 0.0483122 0.832062 0.0675424 0.0686802 0.886952
0 0.849582 0.680171 0.161164 0.0905967 0.886856
0 0.405347 0.486335 0.0605463 0.0644612 0.884455
0 0.916825 0.9006 0.0276712 0.0199887 0.884107
0 0.846286 0.308377 0.0268823 0.0231258 0.883865
1 0.451815 0.19802 0.167648 0.153169 0.879396
0 0.410813 0.419507 0.0283904 0.0247547 0.87907
0 0.729499 0.700352 0.0855989 0.0629921 0.878475
0 0.176038 0.10879 0.0926237 0.0668866 0.876079
0 0.844736 0.749495 0.036737 0.0196397 0.874545
0 0.375347 0.250361 0.0511589 0.0372378 0.874228
0 0.460086 0.510225 0.0484892 0.0731743 0.872298
0 0.332722 0.0843909 0.0508462 0.0389405 0.869561
0 0.207151 0.665061 0.136344 0.0470461 0.860957
0 0.253757 0.765794 0.0528625 0.0181875 0.853592
0 0.465701 0.322778 0.0397877 0.0259788 0.85165
0 0.0296167 0.475679 0.0582574 0.0255713 0.839999
0 0.234085 0.0161938 0.0503943 0.0244779 0.829779
0 0.713373 0.517656 0.158392 0.124306 0.826551
0 0.122569 0.343927 0.0241636 0.0165369 0.813321
0 0.554168 0.513906 0.0296534 0.0589027 0.804397
0 0.0306633 0.27258 0.0230061 0.0177831 0.779259
0 0.693629 0.747022 0.0361394 0.0251112 0.772195
0 0.561911 0.888897 0.0737018 0.0141199 0.749765
0 0.40029 0.730253 0.02073 0.0148817 0.709099
0 0.655649 0.219642 0.179843 0.129185 0.692107
0 0.436145 0.895107 0.0627937 0.0392646 0.67787
0 0.405943 0.606262 0.0227917 0.0124248 0.675543
1 0.650223 0.344567 0.17145 0.13581 0.67314
0 0.401747 0.66829 0.0199809 0.0226854 0.646536
1 0.656717 0.217263 0.177881 0.126319 0.641768
0 0.48426 0.888834 0.0251648 0.0239426 0.632382
0 0.461629 0.480642 0.0228098 0.0168708 0.580727
0 0.19485 0.747362 0.0390929 0.0258006 0.548823
1 0.427675 0.88677 0.12082 0.0636386 0.544659
0 0.4186 0.891606 0.101372 0.0537038 0.535534
0 0.651009 0.345032 0.172122 0.135507 0.469194
0 0.367546 0.448139 0.0237165 0.0130493 0.397426
0 0.115888 0.704963 0.0408131 0.0273707 0.36529
0 0.673281 0.319696 0.131556 0.0904164 0.268324
