1 0.264269 0.424714 0.138993 0.266385 0.961941
0 0.734735 0.0566357 0.06598 0.103014 0.903923
0 0.242419 0.237632 0.0409032 0.0925189 0.900681
0 0.61181 0.197053 0.0736227 0.147052 0.890647
0 0.316582 0.684465 0.0166033 0.0300391 0.883216
0 0.482545 0.639175 0.0130289 0.0233197 0.879768
0 0.65083 0.255859 0.0188242 0.0571488 0.871301
0 0.816368 0.467126 0.0143562 0.0227731 0.864722
0 0.733132 0.174824 0.0178284 0.0578351 0.846699
0 0.0829825 0.499036 0.0277616 0.0383521 0.842786
0 0.198939 0.864731 0.0163591 0.028646 0.830144
0 0.708488 0.384122 0.0185162 0.0322487 0.826525
0 0.891671 0.343058 0.0970045 0.147814 0.82446
0 0.0855789 0.874227 0.15939 0.174488 0.794372
0 0.726324 0.269573 0.0176011 0.0310526 0.752881
1 0.480411 0.221958 0.0684991 0.204268 0.698046
0 0.862219 0.0951777 0.016494 0.0232691 0.679637
0 0.400787 0.318547 0.0749387 0.210353 0.668028
0 0.841423 0.577404 0.0166824 0.0205522 0.656358
1 0.401068 0.318594 0.0749237 0.206696 0.549896
0 0.562269 0.540788 0.0105953 0.0227497 0.495392
0 0.875805 0.676081 0.0206985 0.0379555 0.466964
0 0.746987 0.156122 0.0169129 0.0295398 0.459372
0 0.479152 0.219566 0.0654631 0.208121 0.419704
0 0.0515662 0.557239 0.0609727 0.0878974 0.288251
