0 0.705821 0.888294 0.529674 0.0971474 0.936822
1 0.467812 0.597253 0.658921 0.207314 0.931769
0 0.302405 0.174042 0.46138 0.168853 0.916849
0 0.531336 0.548396 0.119254 0.0389408 0.909836
0 0.539908 0.578122 0.0550969 0.0203873 0.898765
1 0.889159 0.255601 0.220445 0.082966 0.89221
0 0.188722 0.495969 0.372118 0.0947327 0.891896
0 0.256287 0.40933 0.118203 0.0415603 0.874279
0 0.288435 0.632988 0.189317 0.0596741 0.872188
0 0.831474 0.254678 0.063552 0.0298327 0.802627
0 0.542822 0.619509 0.0640546 0.0190263 0.684763
0 0.483079 0.506402 0.0258915 0.00840148 0.670115
1 0.594279 0.640001 0.243278 0.0612287 0.589867
0 0.82387 0.257406 0.0771656 0.0346496 0.515369
1 0.543245 0.640556 0.140559 0.0592524 0.433985
0 0.654383 0.0773036 0.0314469 0.0142038 0.403478
0 0.899363 0.253087 0.0466891 0.0152873 0.375181
