0 0.586189 0.690001 0.106163 0.0653884 0.938268
0 0.377909 0.221531 0.0557664 0.0848411 0.922688
0 0.261006 0.195555 0.0677328 0.054206 0.913171
0 0.70871 0.59421 0.105992 0.0679532 0.912803
0 0.106642 0.398502 0.118083 0.0723159 0.912752
0 0.632207 0.239339 0.103415 0.0523435 0.911262
0 0.0898072 0.781135 0.0862996 0.043275 0.908157
0 0.731017 0.528851 0.0691119 0.0595103 0.905964
0 0.589219 0.45587 0.0702722 0.0590007 0.903421
0 0.626321 0.401424 0.0732961 0.0532913 0.900622
0 0.0835229 0.301201 0.0532867 0.0460139 0.899433
0 0.394284 0.680932 0.0342738 0.0315457 0.896796
0 0.116228 0.257624 0.0438504 0.0320222 0.881052
0 0.68004 0.302724 0.0450134 0.0335941 0.877877
0 0.554246 0.200896 0.0368724 0.0257429 0.873129
0 0.528358 0.742271 0.168121 0.0579083 0.858013
0 0.233624 0.407634 0.0544142 0.0341101 0.857799
0 0.217683 0.58324 0.0407827 0.0275434 0.854013
1 0.317235 0.648988 0.0346042 0.102786 0.853451
0 0.285529 0.301323 0.0931177 0.139071 0.847507
0 0.0777408 0.234165 0.0318547 0.0213997 0.836204
1 0.278098 0.748201 0.0509419 0.096635 0.8332
0 0.44077 0.15799 0.210127 0.0405792 0.832648
0 0.249127 0.381229 0.0281443 0.0231725 0.831823
0 0.533965 0.323954 0.0266037 0.0230317 0.83135
0 0.49109 0.227694 0.0276842 0.0164899 0.820889
0 0.0123495 0.343436 0.0218734 0.0206311 0.817136
0 0.560076 0.576685 0.0772309 0.0474349 0.816532
0 0.414908 0.338109 0.0360523 0.0267052 0.813043
0 0.513625 0.454913 0.0640805 0.136214 0.789682
0 0.343082 0.486329 0.0416943 0.0229968 0.786624
0 0.336056 0.39277 0.080318 0.0267248 0.763772
0 0.159382 0.749406 0.0193283 0.0135902 0.754208
0 0.392574 0.405066 0.181211 0.0282348 0.747126
0 0.589331 0.595748 0.0409448 0.028863 0.744599
0 0.328329 0.439238 0.0290489 0.0208133 0.738962
0 0.665602 0.818955 0.116366 0.0834573 0.731024
0 0.502454 0.302515 0.0263326 0.0149976 0.728085
0 0.0212966 0.217571 0.0425931 0.0545997 0.706707
0 0.137022 0.632418 0.0154869 0.0119712 0.687854
1 0.701067 0.779604 0.0723279 0.0330546 0.66781
0 0.624472 0.505169 0.00993526 0.00832812 0.657244
0 0.0109577 0.765069 0.0210591 0.0140246 0.645613
0 0.00528748 0.30608 0.0101992 0.0149142 0.609308
0 0.237969 0.493144 0.187402 0.115291 0.591299
0 0.0752031 0.485139 0.0113495 0.0095762 0.572739
0 0.19368 0.292978 0.0257446 0.0116824 0.561904
0 0.666733 0.539242 0.0698428 0.057997 0.547689
0 0.158185 0.643656 0.0286987 0.0328668 0.515509
0 0.19318 0.59132 0.0169999 0.0114966 0.501578
1 0.680476 0.567541 0.0742417 0.037365 0.494513
1 0.668997 0.815146 0.120591 0.0928237 0.434751
0 0.534491 0.733899 0.156619 0.0414671 0.422125
1 0.667853 0.544789 0.0692197 0.066556 0.420229
0 0.188729 0.639974 0.0286269 0.0295077 0.401586
0 0.168325 0.220116 0.0234357 0.0131966 0.324138
1 0.210349 0.467202 0.130481 0.067087 0.317979
0 0.668254 0.558703 0.0345604 0.0169971 0.30811
0 0.681771 0.559917 0.0780523 0.051217 0.300766
1 0.756284 0.891613 0.104779 0.0461924 0.289275
1 0.693034 0.813072 0.0869351 0.0967514 0.270704
