0 0.728724 0.700245 0.0872776 0.0640608 0.984104
0 0.883082 0.276234 0.0579603 0.058011 0.979995
0 0.336377 0.02463 0.075301 0.0465792 0.974343
0 0.45143 0.196828 0.164758 0.153507 0.972476
0 0.30301 0.667692 0.156349 0.104348 0.965737
0 0.713681 0.515794 0.162435 0.125699 0.96156
0 0.134186 0.207926 0.102757 0.0920251 0.958672
0 0.231334 0.21814 0.0735151 0.0759975 0.958622
0 0.25982 0.506702 0.158966 0.113412 0.950162
0 0.433745 0.0347573 0.0937013 0.0487857 0.948778
0 0.0484229 0.831857 0.0691341 0.0678126 0.946799
0 0.171713 0.438933 0.0736632 0.0525446 0.941401
0 0.334813 0.949094 0.0764093 0.0645908 0.937198
0 0.178542 0.31053 0.0766604 0.0539417 0.925426
0 0.405365 0.486061 0.0604456 0.0652511 0.924603
0 0.650652 0.343959 0.172148 0.140986 0.921084
0 0.301118 0.860446 0.089759 0.0473793 0.920225
0 0.331867 0.08468 0.0536307 0.0395296 0.91994
0 0.0474707 0.900628 0.090092 0.0468581 0.919618
0 0.177045 0.108472 0.0891938 0.0681767 0.915297
0 0.459975 0.447983 0.0485164 0.0341398 0.914815
0 0.626716 0.763224 0.0634118 0.039945 0.900858
0 0.112796 0.277808 0.0562827 0.0371204 0.899427
0 0.460156 0.509438 0.0493337 0.0735626 0.899366
0 0.843693 0.679686 0.175811 0.0924139 0.897899
0 0.221993 0.412861 0.0687182 0.0560241 0.897688
0 0.253782 0.765697 0.0542445 0.0186089 0.889165
0 0.203936 0.664008 0.138525 0.0504749 0.876369
0 0.845271 0.308057 0.0274775 0.0243426 0.867521
0 0.374279 0.250841 0.0526117 0.0359121 0.864038
0 0.0296863 0.47611 0.0589645 0.0254971 0.862366
0 0.916748 0.90038 0.0282988 0.0200844 0.858019
0 0.814533 0.523078 0.0565432 0.0368169 0.852792
0 0.655577 0.219158 0.177992 0.133178 0.848243
0 0.409847 0.419088 0.0306947 0.0261936 0.847017
0 0.844272 0.749746 0.0375066 0.0205776 0.846225
0 0.233077 0.0156554 0.0496415 0.0260721 0.784058
0 0.553676 0.513792 0.0307523 0.0610752 0.779278
0 0.439371 0.895117 0.053952 0.0368316 0.739409
0 0.0295692 0.272797 0.0222692 0.0186931 0.712442
0 0.193138 0.746373 0.041738 0.0267799 0.663868
0 0.560949 0.890901 0.0727968 0.0163689 0.622153
0 0.693556 0.746992 0.0385682 0.0267399 0.605813
0 0.426086 0.884943 0.119392 0.0653704 0.594511
0 0.400436 0.668331 0.0223441 0.0222721 0.59407
0 0.117284 0.705118 0.042473 0.0292151 0.561754
0 0.464539 0.323118 0.0401274 0.0256918 0.552705
0 0.122292 0.343581 0.0274792 0.0182857 0.294807
1 0.656552 0.141275 0.175607 0.27984 0.294026
0 0.673183 0.317477 0.129397 0.0875306 0.290076
0 0.405853 0.606908 0.0226416 0.014117 0.289443
