0 0.401457 0.319584 0.073579 0.210154 0.968545
0 0.242227 0.237411 0.041475 0.0945398 0.962019
0 0.48084 0.220036 0.0672295 0.201636 0.961943
0 0.611103 0.195918 0.0754165 0.145129 0.952324
1 0.2636 0.424119 0.138617 0.266688 0.938244
0 0.732656 0.0561094 0.0679336 0.104222 0.911846
0 0.650004 0.256048 0.0195423 0.0595486 0.871683
0 0.73233 0.174095 0.017996 0.0582141 0.855197
0 0.891678 0.342727 0.0991104 0.148 0.793317
0 0.316673 0.685123 0.0169732 0.029343 0.790541
0 0.0854759 0.870058 0.159617 0.169048 0.770975
0 0.815527 0.466907 0.0148911 0.0218156 0.732173
0 0.482086 0.639134 0.0138687 0.0244752 0.730106
0 0.081824 0.497679 0.0292624 0.0334465 0.721625
0 0.197921 0.865123 0.017943 0.0278832 0.712475
0 0.17675 0.447756 0.0430265 0.0722491 0.638224
0 0.726745 0.266911 0.0174053 0.029518 0.634913
0 0.860762 0.0938249 0.0161925 0.0203331 0.619297
0 0.708281 0.386056 0.0220888 0.0384406 0.594635
0 0.0578897 0.548382 0.075379 0.104131 0.353644
0 0.0192696 0.948103 0.0385392 0.0801695 0.307301
