0 0.708267 0.596084 0.104291 0.0697958 0.977224
0 0.731817 0.528111 0.066528 0.0606043 0.974591
0 0.587455 0.689782 0.107313 0.0668101 0.971919
0 0.0895937 0.780569 0.0866799 0.0441233 0.967609
0 0.378789 0.22228 0.0523751 0.0838138 0.96432
0 0.28293 0.298825 0.0938649 0.138776 0.952034
0 0.232944 0.407868 0.0529589 0.0345594 0.9458
0 0.0210361 0.216393 0.0420545 0.0499448 0.939684
0 0.260147 0.195747 0.0654034 0.052799 0.933152
0 0.588513 0.455298 0.0702057 0.0620479 0.925669
0 0.393905 0.68103 0.0353621 0.0320778 0.923184
0 0.107715 0.398008 0.120332 0.0740762 0.918316
0 0.626188 0.40204 0.0720184 0.0540544 0.917527
0 0.527453 0.74209 0.165644 0.0588059 0.9164
0 0.633658 0.239655 0.100308 0.0524097 0.914802
0 0.238094 0.492743 0.187841 0.119512 0.912939
0 0.438647 0.158716 0.213376 0.0418494 0.905249
0 0.679297 0.302995 0.0424861 0.0347409 0.892627
0 0.0766717 0.234082 0.0314002 0.0213289 0.890222
0 0.0837187 0.301478 0.0525688 0.0457997 0.862958
0 0.116162 0.256711 0.0440432 0.0307002 0.856607
0 0.534122 0.32385 0.0262138 0.0230677 0.851946
0 0.317011 0.649571 0.0375927 0.101889 0.851376
0 0.239052 0.510227 0.184442 0.0840075 0.849887
0 0.412613 0.338327 0.0404271 0.0272512 0.844464
0 0.512837 0.453104 0.0671441 0.136921 0.840873
0 0.558615 0.576995 0.0774231 0.0499873 0.836057
0 0.553482 0.200839 0.0372654 0.0263117 0.827833
0 0.249391 0.381073 0.0300522 0.0228101 0.825386
0 0.278959 0.746819 0.0531868 0.0972949 0.815553
0 0.216208 0.583015 0.0403578 0.0281305 0.790608
0 0.32703 0.439889 0.0302133 0.0187815 0.779367
0 0.0113951 0.343905 0.0226534 0.0238057 0.755849
0 0.382066 0.403032 0.177533 0.0329917 0.747973
0 0.673595 0.547644 0.0874855 0.0770552 0.730797
0 0.588241 0.596052 0.0421745 0.0310692 0.684792
0 0.137989 0.633333 0.0163053 0.0111216 0.67132
0 0.225589 0.476109 0.161876 0.0854193 0.631087
0 0.665157 0.818209 0.111556 0.0855289 0.62984
0 0.187095 0.638291 0.0337619 0.0390127 0.617585
0 0.193489 0.592791 0.0196969 0.0137818 0.601179
0 0.501791 0.302229 0.027587 0.0165881 0.568736
0 0.623065 0.504603 0.0142707 0.0101424 0.543536
0 0.0102886 0.765716 0.0205772 0.0164421 0.531599
0 0.159121 0.750236 0.0212625 0.0150463 0.526638
0 0.332073 0.393396 0.0732619 0.0284846 0.500418
0 0.34287 0.486505 0.0442149 0.0224117 0.431629
0 0.490153 0.227093 0.027544 0.0153593 0.337749
0 0.681808 0.559745 0.0744595 0.0528125 0.311258
0 0.15784 0.646818 0.0265949 0.0269686 0.271426
