1 0.264735 0.422064 0.139493 0.269108 0.956608
0 0.242605 0.237761 0.0412792 0.0931972 0.904779
0 0.735167 0.0575175 0.0686733 0.101797 0.903355
0 0.816265 0.46768 0.0144573 0.0222025 0.869292
0 0.708782 0.384312 0.019916 0.0318601 0.864827
0 0.61211 0.197578 0.0732192 0.148786 0.858651
0 0.73316 0.175302 0.0184746 0.0586838 0.844945
0 0.400672 0.320495 0.0744913 0.209964 0.832456
0 0.650555 0.257451 0.0175341 0.058484 0.827679
0 0.0863085 0.875844 0.159171 0.177996 0.824072
0 0.316283 0.685307 0.0171807 0.0297823 0.823989
0 0.726503 0.269989 0.0181336 0.0325102 0.785063
0 0.482696 0.640872 0.0130235 0.0227188 0.768682
0 0.891886 0.343527 0.0976173 0.148687 0.749108
0 0.0828463 0.498482 0.0281732 0.0340374 0.734382
0 0.862197 0.0948677 0.0166931 0.0229009 0.721127
0 0.198705 0.86537 0.0168423 0.0285675 0.690908
0 0.480145 0.222832 0.0657139 0.203452 0.682978
0 0.562677 0.541553 0.0126614 0.0229635 0.537599
0 0.876632 0.680544 0.0199799 0.0325129 0.506816
0 0.747113 0.155063 0.0197936 0.0301376 0.463225
