0 0.410441 0.558527 0.268475 0.0422869 0.645552
0 0.148268 0.713568 0.246368 0.0365126 0.618854
0 0.53281 0.26366 0.207228 0.0479336 0.612387
0 0.607598 0.12366 0.216974 0.0509868 0.606004
0 0.576463 0.0316446 0.265097 0.0625756 0.596425
0 0.479269 0.417496 0.292595 0.072355 0.565769
0 0.859341 0.649045 0.183435 0.0406199 0.556619
0 0.223372 0.956267 0.213652 0.039933 0.530873
0 0.471267 0.321363 0.25542 0.0449468 0.506479
0 0.635864 0.940825 0.249911 0.057576 0.486678
0 0.736935 0.602629 0.299645 0.0719025 0.485091
0 0.841023 0.208689 0.183862 0.0444093 0.476775
0 0.512654 0.174086 0.168004 0.037513 0.469348
0 0.303827 0.509077 0.166347 0.0437775 0.411727
0 0.302416 0.0911684 0.167731 0.053046 0.396832
0 0.598648 0.459871 0.159808 0.0376503 0.348684
0 0.489065 0.42939 0.299029 0.0975767 0.338103
0 0.317879 0.847503 0.132625 0.0321301 0.308783
