0 0.29521 0.600805 0.315066 0.268493 0.944218
0 0.695622 0.399515 0.260099 0.16035 0.935101
0 0.462342 0.912098 0.178131 0.143786 0.931716
0 0.69309 0.591265 0.275063 0.218843 0.927514
0 0.470773 0.375003 0.256558 0.188232 0.927397
0 0.276015 0.113775 0.355791 0.21964 0.920284
0 0.824244 0.301814 0.262143 0.192244 0.908222
0 0.752735 0.740014 0.231684 0.234354 0.880254
0 0.783518 0.84962 0.243136 0.243002 0.85748
0 0.128024 0.272104 0.058667 0.0478967 0.843403
0 0.0595913 0.510636 0.0602222 0.0450611 0.840685
0 0.0790006 0.392724 0.0597519 0.0470893 0.837331
0 0.039662 0.685896 0.079324 0.0520012 0.310115
