0 0.258855 0.507098 0.160829 0.115221 0.922207
0 0.304527 0.66602 0.15781 0.100099 0.901301
0 0.850884 0.679648 0.160498 0.0925367 0.90114
0 0.714203 0.516597 0.163657 0.124544 0.898739
0 0.134517 0.207847 0.101777 0.0919923 0.898573
0 0.231282 0.218099 0.0750676 0.07599 0.888672
0 0.176375 0.108806 0.0908469 0.0684556 0.888638
0 0.223322 0.412345 0.0714407 0.0572884 0.886945
0 0.335266 0.949592 0.0756256 0.0643795 0.882143
0 0.0481355 0.832202 0.0691778 0.0713604 0.880254
0 0.337041 0.0245138 0.075399 0.046748 0.879575
0 0.626672 0.763128 0.0619889 0.0409058 0.878868
0 0.179852 0.3103 0.0793823 0.055706 0.875165
0 0.0473723 0.900249 0.0904182 0.0456169 0.872624
0 0.301252 0.860034 0.0901879 0.0470796 0.870181
0 0.404907 0.485685 0.061282 0.0655508 0.869868
0 0.883411 0.277062 0.0575199 0.0597386 0.868196
0 0.460695 0.447574 0.0507016 0.033749 0.865873
0 0.332514 0.0842177 0.0537287 0.0393232 0.865563
0 0.434272 0.0350821 0.0969192 0.0483806 0.86427
0 0.171995 0.438479 0.0741285 0.0534611 0.863456
0 0.814405 0.522782 0.0558396 0.0368046 0.858195
0 0.729737 0.699975 0.086628 0.0630387 0.857873
0 0.375495 0.250639 0.0528208 0.0369301 0.857157
0 0.253063 0.766067 0.053854 0.0191046 0.842246
0 0.114805 0.278267 0.0522729 0.0373381 0.838536
0 0.207296 0.66538 0.137965 0.0470641 0.83659
0 0.409749 0.419161 0.0299902 0.0251389 0.831665
0 0.916354 0.901012 0.0288874 0.019706 0.826182
0 0.650001 0.344413 0.172378 0.141975 0.823213
0 0.46013 0.509587 0.0493901 0.0747627 0.816222
0 0.233427 0.0165049 0.051356 0.0239412 0.812241
0 0.845943 0.308272 0.0279708 0.0237522 0.810242
0 0.0294186 0.476282 0.0587671 0.0250721 0.810072
0 0.655892 0.219783 0.184651 0.137516 0.805522
0 0.553227 0.513932 0.0302148 0.059284 0.804284
0 0.844341 0.750012 0.0380566 0.0206865 0.796466
0 0.561175 0.889057 0.0742677 0.0151031 0.78934
0 0.431492 0.885084 0.128967 0.0650247 0.772594
0 0.451132 0.197931 0.16528 0.15438 0.75921
0 0.465747 0.322885 0.0420618 0.0261112 0.755572
0 0.193937 0.747376 0.0414061 0.0268996 0.659512
0 0.400582 0.669028 0.0229153 0.0219099 0.654914
0 0.693378 0.747612 0.0384994 0.0255205 0.594202
0 0.122299 0.34418 0.0269898 0.0178368 0.588474
0 0.0296036 0.273014 0.0235497 0.019025 0.573963
0 0.406184 0.606877 0.0245355 0.0138437 0.489546
0 0.483045 0.889014 0.0277771 0.022017 0.295244
0 0.668246 0.317779 0.135794 0.0881012 0.291087
