0 0.401442 0.320219 0.0757733 0.214375 0.894154
0 0.891215 0.343703 0.0988172 0.149282 0.892955
0 0.612247 0.197716 0.076825 0.151823 0.881164
0 0.480535 0.221914 0.0709885 0.20921 0.871322
0 0.242342 0.236576 0.0413821 0.0935747 0.86756
0 0.315996 0.684514 0.0178098 0.0302817 0.847422
0 0.73443 0.0580531 0.0680534 0.10225 0.839332
0 0.482547 0.639695 0.0137386 0.0236148 0.829453
0 0.650528 0.256073 0.0203151 0.0584616 0.820795
0 0.264527 0.422927 0.142477 0.268167 0.818202
0 0.732734 0.174416 0.0191121 0.060143 0.808911
0 0.70767 0.38393 0.0184872 0.0312411 0.795094
0 0.861249 0.0938714 0.0174694 0.0219732 0.729525
0 0.0869967 0.875059 0.164992 0.181231 0.709505
0 0.198162 0.864657 0.0182412 0.0291905 0.706593
0 0.81596 0.467187 0.0149742 0.0222543 0.705025
0 0.0827069 0.497933 0.0271782 0.0344375 0.68928
0 0.725739 0.271625 0.0187923 0.03675 0.59129
0 0.561518 0.542096 0.0107412 0.0244594 0.505806
0 0.84751 0.0299113 0.018636 0.0269473 0.303307
1 0.359962 0.798414 0.284758 0.386215 0.299938
