1 0.473476 0.597477 0.667262 0.204005 0.935951
0 0.30701 0.172938 0.465376 0.169864 0.903731
0 0.187906 0.495872 0.375812 0.0966694 0.900601
0 0.70738 0.887425 0.536024 0.0986277 0.879035
1 0.891129 0.255888 0.217743 0.0835909 0.86991
0 0.255561 0.409526 0.117483 0.0416011 0.853031
0 0.530792 0.548295 0.116642 0.0362971 0.843313
0 0.289712 0.632743 0.188684 0.0609539 0.840066
0 0.539174 0.578104 0.0545863 0.0198841 0.742575
0 0.481969 0.507913 0.0271167 0.00906717 0.366972
0 0.830104 0.254913 0.0612253 0.0270375 0.27552
