0 0.551596 0.102847 0.12338 0.147351 0.911912
0 0.597197 0.350816 0.126787 0.133917 0.908768
0 0.326269 0.378006 0.0876502 0.0862026 0.898466
0 0.735639 0.553613 0.0698184 0.0909961 0.88987
0 0.235361 0.823507 0.0691124 0.062973 0.886594
0 0.745542 0.0673232 0.119138 0.128357 0.881995
0 0.0684013 0.875521 0.0448149 0.0606493 0.872992
0 0.20268 0.446419 0.0353339 0.0371494 0.86817
0 0.293883 0.615835 0.057296 0.0710846 0.86743
0 0.767954 0.182885 0.0551946 0.0850395 0.867244
0 0.162894 0.330474 0.0299343 0.0593058 0.862962
0 0.167333 0.205246 0.03115 0.0608369 0.8627
0 0.0736781 0.65112 0.0421202 0.0532446 0.855167
0 0.681838 0.603024 0.0708694 0.0691509 0.851323
0 0.371766 0.227497 0.0676125 0.144119 0.849392
0 0.535409 0.469116 0.118702 0.0715971 0.845903
0 0.932241 0.174481 0.0254301 0.0256258 0.839345
0 0.516036 0.631166 0.115254 0.0601283 0.836272
0 0.903971 0.369098 0.0792436 0.0811525 0.832246
0 0.515771 0.528421 0.113567 0.0705918 0.824511
0 0.195299 0.350842 0.0303427 0.0352645 0.822167
0 0.700161 0.160614 0.0222649 0.0364556 0.815254
0 0.894361 0.277116 0.0235527 0.0253722 0.812248
0 0.677216 0.248652 0.0212669 0.0345265 0.811842
0 0.0781714 0.699108 0.0235458 0.0260526 0.809598
0 0.29686 0.485585 0.0931557 0.0627992 0.809202
0 0.782273 0.398179 0.0789118 0.114952 0.805535
0 0.452124 0.226343 0.0182251 0.0331856 0.790042
0 0.823314 0.224059 0.0678288 0.111308 0.776737
1 0.511166 0.805361 0.105009 0.0884944 0.770926
0 0.371412 0.472297 0.0404175 0.0215927 0.77035
0 0.191594 0.707508 0.0172514 0.0246704 0.766841
0 0.208933 0.281253 0.0150758 0.0257275 0.742861
0 0.145388 0.469592 0.0197998 0.0299092 0.727393
0 0.10533 0.441693 0.0114578 0.0160982 0.726073
0 0.21187 0.19546 0.0148108 0.0283834 0.712545
1 0.580435 0.687462 0.0332303 0.0317101 0.710942
1 0.416198 0.567082 0.0901105 0.0629045 0.684026
0 0.484559 0.705897 0.027764 0.0223297 0.68069
0 0.170652 0.838995 0.0345608 0.0630292 0.678052
0 0.812036 0.710995 0.0252 0.0578587 0.672884
0 0.870996 0.657447 0.0287255 0.0324463 0.672224
0 0.456735 0.0739123 0.0154873 0.0264378 0.670528
1 0.747966 0.829672 0.0679993 0.0714798 0.662421
0 0.891489 0.559303 0.0204846 0.0230334 0.636095
0 0.838178 0.78375 0.0192161 0.030951 0.619078
0 0.70962 0.190511 0.0154664 0.020161 0.61281
0 0.0976812 0.401015 0.0126131 0.0210189 0.612394
1 0.233595 0.43926 0.0335316 0.0327444 0.602493
0 0.454887 0.124694 0.019121 0.0329834 0.588666
0 0.264314 0.143695 0.0187934 0.0343658 0.555083
0 0.203094 0.737591 0.0114653 0.0154312 0.535502
0 0.234548 0.540217 0.0110124 0.0139063 0.476047
0 0.245352 0.474704 0.0141049 0.0157784 0.446637
0 0.419241 0.601088 0.0289728 0.0179933 0.436406
0 0.831785 0.53498 0.0465 0.0627276 0.380142
1 0.773246 0.662575 0.0483279 0.0694616 0.346405
1 0.168093 0.511115 0.0369764 0.0429581 0.323434
0 0.837436 0.387875 0.0252222 0.028042 0.294086
0 0.778729 0.408016 0.0338003 0.0446742 0.275018
0 0.398463 0.696312 0.011641 0.0129399 0.272279
0 0.586867 0.712496 0.0156154 0.016577 0.269241
