0 0.203209 0.339029 0.117229 0.20892 0.904986
0 0.272904 0.106469 0.0956129 0.183717 0.90484
0 0.090786 0.435637 0.0948132 0.157509 0.890729
0 0.900714 0.846377 0.122567 0.201965 0.88003
0 0.757045 0.429663 0.212224 0.390649 0.879373
0 0.406675 0.305016 0.13178 0.229053 0.86231
0 0.660898 0.135647 0.0813556 0.133598 0.820008
0 0.75662 0.493816 0.214533 0.247551 0.655786
0 0.806873 0.831302 0.0415844 0.0634003 0.601949
0 0.595447 0.887805 0.152019 0.181986 0.400846
0 0.616758 0.873592 0.110227 0.155725 0.26448
