0 0.740025 0.604877 0.299781 0.0570648 0.871544
0 0.568031 0.0304529 0.256976 0.0527415 0.859171
0 0.479357 0.411563 0.291723 0.0544554 0.843415
0 0.459683 0.320432 0.228103 0.0359187 0.827807
0 0.855051 0.64792 0.192771 0.0353336 0.824871
0 0.314913 0.846261 0.137896 0.02465 0.822028
0 0.224213 0.954511 0.207879 0.0315502 0.821409
0 0.408618 0.558899 0.26625 0.0362244 0.820407
0 0.721909 0.823865 0.189541 0.026392 0.817528
0 0.631272 0.932265 0.251554 0.0342773 0.816942
0 0.352287 0.803587 0.174069 0.0309459 0.81387
0 0.510775 0.174025 0.162155 0.0298952 0.813366
0 0.150426 0.712305 0.234184 0.0308119 0.812339
0 0.297064 0.0905773 0.170556 0.0343917 0.810456
0 0.591409 0.4573 0.163532 0.0289055 0.810183
0 0.534238 0.26716 0.200724 0.0326346 0.8081
0 0.605255 0.123164 0.21159 0.0331058 0.803094
0 0.292089 0.512336 0.182291 0.0290345 0.802911
0 0.832548 0.208578 0.165509 0.0334286 0.798412
0 0.0218283 0.684685 0.0436566 0.0215803 0.49301
1 0.49531 0.895961 0.990619 0.208078 0.376783
1 0.500589 0.784019 0.998822 0.11783 0.339427
0 0.25865 0.61016 0.138711 0.0311913 0.338105
0 0.968617 0.266376 0.0578909 0.0486114 0.255492
