0 0.108396 0.398607 0.120692 0.0710148 0.887855
0 0.0897762 0.781072 0.0866163 0.0442686 0.884516
0 0.632924 0.239692 0.101884 0.0523955 0.877926
0 0.625851 0.401821 0.0708458 0.0526596 0.872988
0 0.587586 0.689744 0.10467 0.0658125 0.872159
0 0.237646 0.492234 0.189361 0.116875 0.869097
0 0.731746 0.528013 0.0694847 0.0615137 0.863808
0 0.260585 0.195503 0.0671103 0.0527166 0.863307
0 0.393667 0.681213 0.0347302 0.0329651 0.855391
0 0.234478 0.408149 0.0557405 0.0340752 0.852065
0 0.679658 0.302832 0.0456762 0.0340897 0.851773
0 0.115776 0.25726 0.0443535 0.0322014 0.84435
0 0.589575 0.456005 0.0687236 0.0588238 0.842554
0 0.0833528 0.301623 0.0528557 0.0461253 0.841626
0 0.556439 0.577036 0.0699402 0.0480566 0.839471
0 0.283725 0.298236 0.0921856 0.14469 0.837767
0 0.378067 0.221656 0.053277 0.0846927 0.832039
0 0.7088 0.594639 0.106617 0.0688815 0.831694
0 0.0206381 0.218071 0.0412762 0.0488505 0.829616
0 0.554231 0.201404 0.0370371 0.0261987 0.827438
0 0.334726 0.393712 0.0788643 0.0274408 0.825238
0 0.217687 0.582957 0.0405735 0.0282818 0.800689
0 0.248892 0.381045 0.0297271 0.0222004 0.792695
0 0.438706 0.158778 0.210011 0.0421375 0.782311
0 0.414839 0.338642 0.0369416 0.027346 0.777903
0 0.317141 0.648955 0.035126 0.103155 0.756235
0 0.328041 0.439541 0.0292575 0.0196705 0.75453
0 0.0772739 0.234481 0.0313925 0.0223382 0.74675
0 0.0120597 0.344429 0.0231177 0.0212729 0.739494
0 0.15837 0.646072 0.029701 0.0292657 0.731244
0 0.513783 0.453943 0.0680986 0.137878 0.725866
0 0.389086 0.406995 0.179317 0.0263175 0.725149
0 0.534461 0.324076 0.0275706 0.0222664 0.697384
0 0.530293 0.73898 0.16653 0.0532678 0.69295
0 0.588713 0.596115 0.0428241 0.0324415 0.67447
0 0.502401 0.302231 0.0277481 0.0153084 0.640036
0 0.343746 0.48734 0.0445297 0.0240322 0.621983
0 0.0109813 0.765808 0.021682 0.0149887 0.613277
0 0.667374 0.816174 0.11753 0.0864058 0.609886
1 0.278432 0.747652 0.0514513 0.0993881 0.53663
0 0.187871 0.638534 0.0335295 0.0351961 0.497872
0 0.278125 0.747137 0.0525872 0.0991812 0.477038
0 0.159173 0.749539 0.0213915 0.013547 0.467783
1 0.666524 0.817221 0.117323 0.0852191 0.44232
0 0.667577 0.541733 0.0707215 0.0644377 0.432192
0 0.62402 0.505621 0.0116382 0.00920968 0.429638
0 0.00507445 0.306337 0.0101489 0.0176186 0.418273
0 0.137089 0.632982 0.0158879 0.0121797 0.327923
0 0.183499 0.63538 0.0238331 0.0318337 0.321287
0 0.673978 0.549854 0.0856148 0.0823776 0.279571
0 0.210228 0.136616 0.016526 0.0129754 0.276434
0 0.510255 0.952541 0.0570338 0.0243359 0.252323
