0 0.497565 0.136205 0.209753 0.246313 0.916353
0 0.725214 0.674438 0.241169 0.108821 0.893694
0 0.582745 0.420995 0.183493 0.142047 0.891172
1 0.329077 0.723167 0.26082 0.163213 0.877472
0 0.784182 0.863735 0.12648 0.167925 0.87745
0 0.890982 0.395601 0.214995 0.186335 0.873373
0 0.495615 0.810229 0.138565 0.101546 0.861578
0 0.31119 0.227114 0.319953 0.160672 0.842079
0 0.502084 0.922077 0.183324 0.107328 0.833986
0 0.0905531 0.069071 0.0800119 0.0481437 0.833441
0 0.594171 0.78071 0.0709775 0.0671757 0.824294
0 0.466625 0.686424 0.111487 0.0744307 0.822535
1 0.897663 0.710577 0.185018 0.11675 0.820994
0 0.0898369 0.687916 0.06543 0.0354059 0.81769
0 0.88681 0.57859 0.0951982 0.0490599 0.806281
0 0.157776 0.0407323 0.059782 0.0513091 0.795289
0 0.126181 0.231521 0.062343 0.0557948 0.791197
0 0.111679 0.811407 0.0808507 0.0387357 0.791115
0 0.932534 0.186644 0.0565539 0.0543542 0.786634
0 0.885657 0.347464 0.068149 0.0630874 0.782953
0 0.78325 0.059907 0.0689325 0.0328597 0.776518
0 0.178665 0.621985 0.057573 0.0270258 0.764474
0 0.0179746 0.218554 0.0356408 0.0506672 0.761533
0 0.38256 0.704662 0.0505999 0.0253928 0.749735
0 0.923131 0.704864 0.031865 0.0204817 0.747204
0 0.189911 0.948349 0.0464023 0.0237614 0.739797
0 0.823183 0.246083 0.0565862 0.0521335 0.738718
0 0.0214962 0.576999 0.0429924 0.0355732 0.732086
0 0.875136 0.718269 0.0736226 0.0346365 0.70246
0 0.011649 0.750227 0.0229227 0.032152 0.673624
0 0.743238 0.354439 0.0580925 0.0523972 0.671961
0 0.161411 0.377784 0.0578129 0.0545087 0.651639
0 0.755962 0.594725 0.0454118 0.019823 0.643491
0 0.21087 0.812121 0.0280593 0.0303369 0.637494
0 0.123697 0.869827 0.0285864 0.0290003 0.617454
0 0.0108692 0.625361 0.0210713 0.0305191 0.588038
0 0.289155 0.725738 0.0677491 0.0416017 0.587482
0 0.677483 0.251468 0.14719 0.0649598 0.532837
0 0.990929 0.99146 0.0181428 0.0157572 0.510037
0 0.411211 0.978744 0.0338919 0.0175091 0.47589
0 0.349782 0.733982 0.0282354 0.0167534 0.457929
0 0.246186 0.474284 0.0789872 0.0409072 0.452369
0 0.990918 0.967417 0.0155648 0.0158279 0.443472
0 0.29127 0.715504 0.0696131 0.0639431 0.433836
0 0.734985 0.0873995 0.0302592 0.0319192 0.410624
0 0.556554 0.973154 0.067936 0.030553 0.370606
0 0.36309 0.779048 0.0349739 0.0188046 0.352203
0 0.87811 0.0168474 0.0460631 0.0276596 0.321986
0 0.111431 0.346813 0.0711924 0.117473 0.30009
0 0.792129 0.189612 0.0420212 0.0291185 0.282374
0 0.430012 0.993261 0.0250283 0.0122426 0.28157
