0 0.823777 0.301582 0.260991 0.188188 0.95605
0 0.693142 0.589955 0.272949 0.215454 0.953273
0 0.471179 0.375767 0.254884 0.187937 0.952453
0 0.69481 0.400147 0.258287 0.159977 0.946825
0 0.461169 0.912062 0.174867 0.14281 0.937917
0 0.278922 0.115994 0.348589 0.219236 0.937489
0 0.128026 0.271857 0.055898 0.0481994 0.929893
0 0.293599 0.603441 0.318288 0.268788 0.928433
0 0.754517 0.739419 0.232503 0.241072 0.913385
0 0.0786119 0.392854 0.0557075 0.0456504 0.908277
0 0.0595365 0.510611 0.0590998 0.0441267 0.899256
0 0.781133 0.849392 0.241322 0.244493 0.893038
0 0.109003 0.952074 0.0407972 0.0302731 0.546755
1 0.903904 0.886496 0.192192 0.227009 0.285442
