1 0.748443 0.830326 0.0684296 0.0712504 0.942675
0 0.596983 0.350499 0.12638 0.134466 0.932786
0 0.552393 0.103149 0.122277 0.146155 0.929376
0 0.326537 0.377648 0.0873729 0.0838075 0.926363
0 0.746796 0.0676304 0.118166 0.129677 0.918997
0 0.735982 0.55364 0.0684785 0.0902035 0.917797
0 0.372188 0.227355 0.0672016 0.144309 0.906677
0 0.904255 0.36841 0.0789698 0.0823837 0.903901
0 0.167995 0.204778 0.0299327 0.0597075 0.900197
0 0.293076 0.616762 0.0586832 0.0694076 0.899942
0 0.16325 0.330617 0.0297993 0.0594722 0.892986
0 0.19521 0.350527 0.0302408 0.0354057 0.885217
0 0.202923 0.447255 0.0352331 0.0374011 0.884723
0 0.0688415 0.87587 0.0424022 0.0603258 0.881941
0 0.235078 0.823253 0.0672906 0.0624349 0.881273
0 0.782492 0.39815 0.0776987 0.112497 0.874171
0 0.932691 0.174537 0.0247891 0.0266389 0.874101
0 0.681414 0.60329 0.0705398 0.0686901 0.870623
0 0.17062 0.838738 0.033279 0.061983 0.867544
0 0.894555 0.277361 0.0221388 0.0241942 0.865114
0 0.146111 0.468782 0.0195604 0.0274654 0.86394
0 0.677106 0.249077 0.0206223 0.0356385 0.863624
0 0.824573 0.224215 0.0682257 0.110445 0.859572
0 0.191685 0.706349 0.0174635 0.0220945 0.854447
0 0.0736466 0.651123 0.0419503 0.0530525 0.849137
0 0.209108 0.281792 0.0151613 0.0257864 0.847902
0 0.515855 0.528281 0.111288 0.0687618 0.845832
1 0.509748 0.806532 0.105638 0.0871119 0.845184
0 0.699983 0.160301 0.0208539 0.0355722 0.843758
0 0.76832 0.169543 0.0550562 0.113738 0.841775
0 0.517816 0.630911 0.114548 0.0593142 0.838939
0 0.296494 0.485963 0.0936003 0.0634995 0.838211
0 0.710842 0.190546 0.0161285 0.0198117 0.819165
0 0.535902 0.469916 0.114286 0.0657163 0.817388
1 0.883031 0.725828 0.054945 0.0704262 0.812047
0 0.078464 0.698847 0.0238375 0.0262116 0.810729
0 0.870415 0.657009 0.0277792 0.0316238 0.805623
0 0.10577 0.441847 0.0109849 0.0160932 0.803185
0 0.834292 0.536254 0.0497438 0.0624113 0.796769
0 0.370926 0.471972 0.0395215 0.0209693 0.779276
0 0.891126 0.558724 0.0195106 0.0233475 0.77594
1 0.415898 0.566897 0.0886572 0.067834 0.761075
0 0.212938 0.194764 0.0149131 0.0273875 0.756544
0 0.773416 0.653264 0.0487329 0.0493291 0.753524
0 0.451824 0.225276 0.0174254 0.0319908 0.752833
0 0.837502 0.786314 0.0182884 0.0329696 0.742009
0 0.488964 0.706145 0.0193882 0.0215617 0.73943
0 0.234862 0.539738 0.0107516 0.0119132 0.736944
1 0.977411 0.502442 0.0451779 0.0626361 0.736747
1 0.580117 0.687899 0.032698 0.0314942 0.722899
0 0.195453 0.635565 0.012452 0.0164079 0.717363
0 0.203326 0.73745 0.0110009 0.0151111 0.697588
0 0.637737 0.635149 0.035878 0.040533 0.691738
0 0.838309 0.386959 0.0201193 0.0219059 0.668463
0 0.833124 0.85081 0.0163704 0.0676717 0.657999
0 0.0979634 0.400607 0.0117008 0.0198614 0.655926
0 0.454548 0.124157 0.0180595 0.0311725 0.647204
0 0.972 0.732317 0.0542847 0.018233 0.622649
0 0.264077 0.142548 0.0170823 0.0337775 0.611965
0 0.774876 0.653816 0.0292957 0.0390166 0.610906
0 0.457214 0.0766848 0.0130995 0.0212564 0.599129
0 0.182545 0.68913 0.00994532 0.0171028 0.5797
1 0.969736 0.17866 0.0599624 0.0664176 0.566522
1 0.52725 0.81109 0.0725123 0.0742613 0.545302
0 0.973983 0.161301 0.0281735 0.0243198 0.535983
1 0.92829 0.472577 0.065951 0.091514 0.53093
0 0.831432 0.910114 0.00928782 0.0267481 0.522101
0 0.58804 0.710672 0.0158474 0.0147535 0.507523
0 0.402788 0.622732 0.008986 0.0135615 0.486363
0 0.818104 0.227114 0.054567 0.0694762 0.472026
0 0.235789 0.439583 0.0307253 0.0346791 0.455786
0 0.398713 0.695976 0.0113418 0.0125756 0.450702
1 0.884226 0.787438 0.034882 0.0856582 0.433153
0 0.166519 0.508729 0.0362558 0.0435209 0.429028
0 0.244901 0.473686 0.00989657 0.0141885 0.4184
1 0.89911 0.56062 0.0501087 0.0704829 0.376628
0 0.155809 0.500553 0.0181667 0.026469 0.370384
0 0.811627 0.710915 0.0225917 0.0550161 0.365954
1 0.967227 0.504943 0.0655457 0.0643169 0.364679
0 0.971797 0.164532 0.044915 0.0395725 0.348913
0 0.490576 0.788688 0.00937035 0.0139502 0.341631
0 0.969807 0.170448 0.0595495 0.0447914 0.336448
0 0.905897 0.654886 0.0103464 0.0935041 0.334224
0 0.419566 0.60067 0.0267162 0.0167074 0.326241
1 0.234835 0.439402 0.032689 0.0337981 0.295293
1 0.987324 0.138048 0.0252941 0.0366294 0.291207
1 0.960352 0.587922 0.0792964 0.0965281 0.287588
1 0.928075 0.489554 0.0631223 0.0585473 0.279413
0 0.345822 0.839658 0.0152189 0.0131927 0.27828
0 0.883305 0.819115 0.00941237 0.0124609 0.263232
1 0.430807 0.567687 0.0592943 0.0660316 0.256744
0 0.98489 0.139648 0.0301529 0.0390013 0.255337
