0 0.735266 0.605594 0.289301 0.0559515 0.889026
0 0.631824 0.932512 0.24904 0.0343525 0.871414
0 0.477888 0.411642 0.285759 0.0526896 0.865873
0 0.317414 0.846388 0.132996 0.0236633 0.855653
0 0.85429 0.647352 0.186833 0.0352661 0.853372
0 0.568902 0.030958 0.251919 0.0513563 0.853372
0 0.225422 0.954891 0.202613 0.0315636 0.851329
0 0.409638 0.558936 0.260015 0.0358062 0.847033
0 0.833517 0.20824 0.15322 0.0331828 0.843932
0 0.721852 0.823604 0.18962 0.0265359 0.836786
0 0.150498 0.712189 0.231669 0.0304712 0.832406
0 0.604956 0.122504 0.205758 0.0327313 0.830864
0 0.511388 0.173347 0.157551 0.0292496 0.825233
0 0.460624 0.320708 0.22491 0.0349972 0.824541
0 0.591613 0.456875 0.157424 0.0277598 0.817125
0 0.352059 0.803978 0.170493 0.0312794 0.81473
0 0.297141 0.0902409 0.165424 0.0340021 0.814193
0 0.535584 0.267121 0.193335 0.0320645 0.790747
0 0.292562 0.510816 0.178924 0.0306416 0.741
0 0.367167 0.619738 0.163175 0.0472893 0.669765
0 0.0209378 0.68491 0.0418755 0.0210398 0.510538
0 0.95742 0.520926 0.0711265 0.0189879 0.361343
0 0.259888 0.608028 0.135883 0.0319616 0.297698
