0 0.890824 0.396627 0.211248 0.183192 0.950753
0 0.725136 0.673012 0.233044 0.101653 0.929207
0 0.582551 0.420745 0.181099 0.138017 0.92516
0 0.497742 0.134586 0.209636 0.244525 0.916423
0 0.503468 0.921876 0.177356 0.104425 0.903118
0 0.783123 0.86489 0.117517 0.163267 0.895529
0 0.309889 0.228228 0.314139 0.159727 0.893044
0 0.494846 0.810851 0.132145 0.0992136 0.870286
0 0.593305 0.780837 0.0722207 0.0657835 0.861778
0 0.885648 0.348651 0.06606 0.061194 0.842592
0 0.887116 0.578025 0.0907773 0.0484395 0.841904
0 0.783156 0.0592377 0.0698995 0.0318631 0.829445
0 0.124631 0.23203 0.0627733 0.0550142 0.825721
0 0.0909986 0.0690571 0.0797413 0.0473967 0.824474
0 0.924678 0.705371 0.0260439 0.0170309 0.820687
0 0.465862 0.689118 0.105325 0.0713273 0.820301
0 0.0889061 0.687966 0.0649679 0.0342217 0.815286
0 0.382542 0.704082 0.0465716 0.0250193 0.809055
0 0.157071 0.0404708 0.0601455 0.0508543 0.797119
0 0.875327 0.721366 0.0731092 0.028086 0.792508
0 0.179125 0.62252 0.056855 0.0259788 0.791702
0 0.124748 0.869941 0.0257652 0.0283977 0.772132
0 0.932223 0.189102 0.053421 0.050339 0.772039
0 0.3649 0.778697 0.034074 0.0183874 0.765282
0 0.820482 0.248731 0.0481188 0.0464305 0.765103
0 0.0117895 0.75075 0.0219115 0.0318122 0.759224
0 0.741832 0.360898 0.0508304 0.0390817 0.742695
0 0.110817 0.811779 0.0793549 0.0362282 0.737915
0 0.991066 0.991967 0.0178688 0.0153644 0.736179
0 0.302668 0.729166 0.0386246 0.0342703 0.732534
0 0.210328 0.811693 0.0259692 0.0288292 0.731713
0 0.600674 0.832887 0.0289318 0.0192562 0.731681
0 0.159907 0.380169 0.0551373 0.0481382 0.731259
0 0.348554 0.733274 0.0238674 0.015843 0.722719
0 0.755285 0.594054 0.0440237 0.0198683 0.681494
0 0.248937 0.472682 0.0824201 0.041499 0.681105
0 0.0112095 0.627159 0.0205333 0.0299412 0.679823
0 0.190057 0.949677 0.0461687 0.0233684 0.670599
0 0.0180133 0.21774 0.0342248 0.052615 0.665278
0 0.410678 0.979525 0.0296712 0.0144924 0.577612
0 0.0207565 0.573718 0.0409488 0.0427397 0.544046
0 0.964424 0.968815 0.0157475 0.013106 0.511723
0 0.991261 0.96648 0.0155477 0.0143894 0.506532
0 0.55465 0.97566 0.0693107 0.0315128 0.448199
0 0.755568 0.589483 0.0448264 0.0282123 0.375527
0 0.289457 0.722063 0.0676165 0.0453185 0.301495
0 0.0184151 0.206076 0.035495 0.0759957 0.286322
