0 0.296356 0.601882 0.31594 0.271316 0.912879
0 0.696315 0.591172 0.275954 0.217984 0.900253
0 0.473754 0.375317 0.256372 0.188073 0.896405
0 0.698384 0.399292 0.261419 0.158535 0.894708
0 0.463602 0.912234 0.17771 0.147706 0.89171
0 0.825752 0.300833 0.261815 0.192367 0.889526
0 0.754962 0.740203 0.231982 0.241044 0.880826
0 0.279722 0.11553 0.362637 0.220515 0.877788
0 0.785035 0.84948 0.243893 0.243449 0.851131
0 0.130668 0.272109 0.0585173 0.0495977 0.803993
0 0.061757 0.510685 0.0607745 0.0459897 0.79372
0 0.0813133 0.393455 0.0589366 0.0473829 0.762385
0 0.0402235 0.68272 0.0804471 0.062131 0.644033
