0 0.714393 0.516226 0.164811 0.125505 0.888276
0 0.259378 0.507621 0.161523 0.114411 0.886073
0 0.650207 0.344493 0.173399 0.143204 0.874106
0 0.850705 0.679806 0.161031 0.0934034 0.868054
0 0.453033 0.198147 0.167675 0.155211 0.867196
0 0.303205 0.666508 0.158693 0.101464 0.861706
0 0.301862 0.860215 0.0903317 0.0481468 0.851533
0 0.231421 0.218751 0.0772566 0.0787138 0.851465
0 0.13434 0.207825 0.102872 0.0939216 0.849117
0 0.656195 0.219496 0.183793 0.136601 0.84179
0 0.883749 0.276647 0.0595324 0.05889 0.841241
0 0.175949 0.108553 0.0935576 0.0691938 0.839392
0 0.223302 0.412652 0.0711906 0.0569135 0.83726
0 0.0483831 0.83275 0.069147 0.0717371 0.832451
0 0.206256 0.665495 0.137397 0.0480265 0.831279
0 0.335485 0.950373 0.076749 0.0672003 0.828883
0 0.179996 0.310556 0.081358 0.0566555 0.828302
0 0.4057 0.48592 0.0617027 0.0666336 0.825507
0 0.337529 0.0245811 0.0761952 0.0490944 0.823234
0 0.172133 0.438852 0.0750482 0.0541946 0.820575
0 0.434419 0.0338396 0.0980057 0.0525788 0.817173
0 0.0479902 0.900187 0.0910982 0.0494385 0.816099
0 0.460398 0.508696 0.0510372 0.0764385 0.810919
0 0.62733 0.763047 0.0640965 0.0419421 0.8046
0 0.460523 0.447304 0.0499569 0.0358332 0.776463
0 0.729798 0.700859 0.0890984 0.0641509 0.774165
0 0.332552 0.0838547 0.0540969 0.0408508 0.766307
0 0.375282 0.250566 0.0531076 0.0379836 0.761049
0 0.815048 0.522996 0.0567562 0.037984 0.759312
0 0.11588 0.277731 0.0504771 0.0376291 0.757449
0 0.029777 0.476178 0.0595539 0.0269076 0.754743
0 0.553411 0.51377 0.0320272 0.061478 0.742728
0 0.233662 0.0158598 0.0527813 0.0273404 0.725967
0 0.253322 0.766199 0.0537094 0.0200541 0.721551
0 0.846297 0.308585 0.0287785 0.0250285 0.712018
0 0.410324 0.418999 0.0311547 0.0254562 0.699725
0 0.465675 0.323273 0.041719 0.0290478 0.680068
0 0.844678 0.749335 0.038678 0.021399 0.663665
0 0.561842 0.890731 0.0745895 0.0202555 0.608265
0 0.91696 0.901371 0.0301178 0.0217148 0.581891
0 0.400125 0.669054 0.0240613 0.0237011 0.557713
0 0.693756 0.747671 0.0375685 0.026292 0.5358
0 0.116823 0.706635 0.0425966 0.0288418 0.481203
0 0.896378 0.153524 0.0297009 0.0350866 0.431753
0 0.122243 0.344789 0.0270389 0.0194506 0.417048
0 0.42346 0.886731 0.113817 0.0662621 0.405457
0 0.406188 0.607995 0.0257724 0.0164208 0.396021
0 0.0290977 0.272909 0.0251706 0.0204874 0.337657
0 0.398431 0.731328 0.0245599 0.0178928 0.312102
0 0.441843 0.895965 0.0551394 0.0397041 0.276695
