0 0.891767 0.344329 0.0996231 0.151259 0.890755
0 0.401957 0.321069 0.0758663 0.214321 0.879529
0 0.24243 0.237884 0.0418015 0.0936466 0.860606
0 0.612883 0.197062 0.0747435 0.150279 0.854178
0 0.734372 0.0581876 0.0662314 0.104693 0.843149
0 0.315929 0.685326 0.0180352 0.0306401 0.832334
0 0.481046 0.22072 0.068408 0.206772 0.819065
0 0.265083 0.423971 0.141207 0.265824 0.812933
0 0.733078 0.176191 0.0180126 0.0600441 0.778892
0 0.65043 0.257422 0.0209623 0.0577874 0.768044
0 0.0871832 0.872953 0.164478 0.175195 0.763272
0 0.482546 0.640805 0.0130388 0.0221663 0.762833
0 0.707932 0.383441 0.018383 0.0307083 0.71109
0 0.816064 0.467738 0.0148252 0.0222889 0.674485
0 0.861263 0.0943971 0.0180246 0.0225981 0.610851
0 0.198169 0.865976 0.018581 0.0298061 0.59947
0 0.726102 0.27108 0.0192669 0.0352177 0.580053
0 0.562214 0.541594 0.0117311 0.0225559 0.57829
0 0.17512 0.449079 0.0431495 0.0794716 0.461235
1 0.355046 0.798627 0.276614 0.389318 0.452622
0 0.0581746 0.54101 0.0746243 0.122485 0.449083
0 0.0188224 0.951613 0.0376449 0.0797625 0.431552
0 0.176312 0.914265 0.0506114 0.109748 0.387825
1 0.87761 0.0857999 0.244779 0.171179 0.376152
0 0.0826872 0.498204 0.0274904 0.0326839 0.318031
