1 0.890453 0.25546 0.219093 0.084701 0.915126
1 0.390627 0.609685 0.781255 0.180696 0.707715
1 0.298897 0.177583 0.491753 0.17367 0.627036
0 0.537802 0.579115 0.057677 0.0232109 0.600351
1 0.592706 0.654446 0.245223 0.092779 0.598707
0 0.25738 0.410948 0.120086 0.0434404 0.597317
1 0.409904 0.472386 0.819808 0.360872 0.596156
0 0.532283 0.548151 0.121131 0.0401767 0.510298
1 0.389549 0.638584 0.779099 0.134082 0.474617
1 0.382074 0.170732 0.325254 0.17449 0.42652
1 0.392488 0.574451 0.784975 0.190765 0.301123
