0 0.597026 0.351234 0.126807 0.135174 0.911632
0 0.235103 0.823862 0.0687737 0.0626005 0.895758
0 0.32693 0.378569 0.0879692 0.0850952 0.893302
0 0.745671 0.0669507 0.118948 0.130101 0.892456
0 0.552272 0.101876 0.123231 0.150853 0.885855
0 0.5159 0.528611 0.113169 0.0715244 0.883224
0 0.735709 0.55407 0.0706923 0.0904623 0.881437
0 0.681365 0.603726 0.0719059 0.0692538 0.880004
0 0.536306 0.469053 0.11692 0.070072 0.874957
0 0.516359 0.631389 0.114218 0.0621772 0.868081
0 0.202499 0.447152 0.0356397 0.0371878 0.866685
0 0.293615 0.616602 0.0568725 0.0714399 0.865836
0 0.903971 0.367998 0.0790272 0.0820744 0.864655
0 0.296522 0.486461 0.0942181 0.062845 0.853251
0 0.163024 0.329964 0.0310421 0.0586239 0.852604
0 0.371999 0.227838 0.0678243 0.144766 0.847254
0 0.0735447 0.651884 0.0421629 0.0552488 0.844582
0 0.0690607 0.876664 0.0457743 0.0607754 0.844152
0 0.167197 0.204846 0.0319845 0.059375 0.842771
1 0.510997 0.805589 0.107149 0.0884026 0.838226
0 0.19518 0.349899 0.0311186 0.0345561 0.83776
0 0.894098 0.276827 0.0240417 0.0269073 0.833023
0 0.93202 0.17508 0.0258871 0.0278062 0.830827
0 0.823632 0.224624 0.0676857 0.111179 0.810717
0 0.0776844 0.699398 0.0240909 0.0238932 0.801827
0 0.208134 0.28166 0.0170563 0.0260427 0.799939
0 0.676777 0.249249 0.021045 0.034453 0.793281
0 0.19182 0.706798 0.0182444 0.0237014 0.790003
0 0.371086 0.472454 0.0406117 0.0207113 0.786604
0 0.451901 0.226264 0.0189846 0.0312258 0.767455
0 0.87043 0.657106 0.0287544 0.0301912 0.75756
0 0.700973 0.160419 0.0226954 0.0358471 0.751665
1 0.416734 0.566165 0.0888692 0.0627629 0.746291
0 0.76755 0.183528 0.0548483 0.0845077 0.745795
0 0.454434 0.125207 0.0198093 0.0318912 0.739131
1 0.748393 0.830026 0.0689247 0.0730645 0.736955
0 0.105362 0.44209 0.0119361 0.0163202 0.73321
0 0.171882 0.838317 0.036187 0.0626064 0.730061
0 0.145773 0.469621 0.0189115 0.0282015 0.7207
1 0.580659 0.688487 0.0343651 0.0325642 0.718826
0 0.0968804 0.401702 0.0130695 0.0210953 0.714866
0 0.838182 0.78385 0.0190548 0.0321466 0.712569
0 0.488834 0.706298 0.0203349 0.0221834 0.705514
0 0.709853 0.190566 0.0166305 0.0206007 0.704054
0 0.234257 0.54002 0.0123157 0.0131184 0.694821
0 0.832088 0.536966 0.0468136 0.0621961 0.694115
0 0.455872 0.0743746 0.0158508 0.0251482 0.676676
0 0.389294 0.601189 0.0154052 0.0158445 0.670472
0 0.890918 0.559692 0.020953 0.0212706 0.630691
0 0.41966 0.60181 0.0287005 0.0175388 0.607471
0 0.211583 0.194385 0.0157129 0.029598 0.606826
0 0.81239 0.710138 0.0255123 0.0574398 0.595457
0 0.782715 0.398008 0.07976 0.115304 0.572016
1 0.233324 0.437914 0.0335506 0.032128 0.538062
0 0.968115 0.165693 0.0327381 0.0284193 0.527964
1 0.893216 0.564788 0.0628231 0.0799747 0.47533
0 0.168541 0.510783 0.0368723 0.0414925 0.462532
0 0.638108 0.635162 0.0368726 0.0398955 0.448224
0 0.771631 0.402121 0.0496937 0.0377333 0.413815
0 0.204044 0.738 0.00984707 0.0154964 0.411936
1 0.774802 0.671035 0.0509952 0.0875271 0.409457
0 0.58645 0.712377 0.0155883 0.0160276 0.403901
0 0.196025 0.636928 0.0118766 0.0155359 0.400008
0 0.643491 0.641057 0.0257193 0.0264668 0.372731
0 0.966819 0.161956 0.0407446 0.0325943 0.368979
0 0.837507 0.386817 0.0225725 0.0235257 0.364248
0 0.773705 0.658851 0.0144127 0.0171042 0.344712
1 0.82701 0.69783 0.163351 0.22455 0.32669
0 0.564026 0.715737 0.0134829 0.00998573 0.320654
0 0.778989 0.401319 0.035023 0.0368136 0.320585
0 0.244964 0.475289 0.0129861 0.0157016 0.286184
0 0.398536 0.696154 0.0115396 0.0120758 0.282009
0 0.262373 0.143388 0.0200542 0.0340001 0.281554
