0 0.0904069 0.436006 0.0966642 0.156201 0.909239
0 0.202635 0.339423 0.118387 0.205477 0.903689
0 0.272246 0.107434 0.0958363 0.184199 0.864005
0 0.66085 0.136894 0.0814977 0.133774 0.806055
0 0.406332 0.306135 0.135461 0.227809 0.783123
0 0.901289 0.848532 0.124054 0.204614 0.733136
0 0.807171 0.831119 0.0420104 0.0622615 0.712942
1 0.900989 0.84836 0.12281 0.202336 0.638103
0 0.630833 0.2434 0.0410688 0.111637 0.625362
1 0.760359 0.42712 0.217667 0.381365 0.603558
0 0.752599 0.447517 0.211429 0.334982 0.474263
1 0.405668 0.306463 0.135604 0.225511 0.428494
1 0.598818 0.875534 0.146703 0.152815 0.317284
