0 0.296033 0.0910249 0.179507 0.0466357 0.701045
0 0.568806 0.0329681 0.265929 0.059624 0.672969
0 0.475103 0.411533 0.297088 0.0638527 0.671
0 0.736218 0.604548 0.301823 0.0639902 0.670879
0 0.608517 0.125816 0.213275 0.0469914 0.636933
0 0.534104 0.260239 0.211794 0.0526448 0.582723
0 0.46665 0.323289 0.253598 0.0441713 0.568571
0 0.510676 0.174049 0.170933 0.0408828 0.549713
0 0.410701 0.562233 0.273091 0.0459942 0.511841
0 0.14744 0.713489 0.247986 0.0386482 0.496367
0 0.835052 0.21264 0.176273 0.0464941 0.479802
0 0.855298 0.650107 0.189872 0.0435951 0.325169
