0 0.108998 0.398376 0.122088 0.071943 0.866168
0 0.089933 0.780593 0.0887829 0.0447383 0.8645
0 0.587501 0.690335 0.105539 0.0677254 0.855401
0 0.626217 0.401661 0.0733011 0.0539246 0.851285
0 0.632747 0.239436 0.104141 0.0528169 0.848822
0 0.0834268 0.301458 0.0533263 0.0464737 0.842141
0 0.710954 0.59399 0.105039 0.0686222 0.841006
0 0.260668 0.195461 0.0675966 0.0550706 0.838827
0 0.589642 0.45584 0.0696976 0.0603018 0.837948
0 0.732777 0.528005 0.0695904 0.0615451 0.835353
0 0.284484 0.298545 0.0963114 0.144582 0.833801
0 0.233875 0.408589 0.0559712 0.034816 0.827111
0 0.679794 0.302459 0.0456273 0.035529 0.822532
0 0.557027 0.576502 0.0710582 0.0482712 0.816923
0 0.393671 0.680999 0.0347073 0.0324345 0.816536
0 0.378948 0.221345 0.0562716 0.0858357 0.813364
0 0.0208227 0.218692 0.0416454 0.0494465 0.803332
0 0.333285 0.393463 0.0771151 0.0278365 0.798409
0 0.238462 0.491732 0.188435 0.117189 0.797438
0 0.317686 0.648005 0.0364426 0.105093 0.796607
0 0.11574 0.257317 0.0445662 0.0331573 0.795045
0 0.415431 0.338293 0.0367146 0.0286163 0.772855
0 0.21759 0.582459 0.0428907 0.0293653 0.772802
0 0.554743 0.201299 0.0394394 0.0281037 0.770471
0 0.249207 0.381131 0.0301003 0.0235814 0.759381
0 0.53381 0.323925 0.0322392 0.0238003 0.734235
0 0.527633 0.741808 0.170584 0.0596207 0.718152
0 0.513961 0.454176 0.0688065 0.13972 0.71462
0 0.343545 0.48704 0.0434695 0.0260895 0.711985
0 0.328213 0.439118 0.0311345 0.0195311 0.710457
0 0.438257 0.15743 0.214063 0.0449008 0.707291
0 0.588653 0.595842 0.0434164 0.0326326 0.70266
0 0.077207 0.234233 0.032547 0.0221559 0.696921
0 0.278424 0.747922 0.0527699 0.0972387 0.666295
0 0.0133031 0.344733 0.0251305 0.022515 0.659576
0 0.0114306 0.765477 0.0224013 0.0163157 0.622814
0 0.15835 0.642676 0.0290084 0.0364564 0.619518
0 0.390107 0.406309 0.176584 0.0274733 0.609354
0 0.194936 0.643515 0.0223414 0.0303251 0.568941
0 0.490894 0.228222 0.0295315 0.0173328 0.521704
0 0.00471048 0.305897 0.00939307 0.0163827 0.508057
0 0.158988 0.749177 0.0222812 0.0144741 0.468378
0 0.532657 0.477575 0.0288982 0.0797724 0.441586
0 0.513179 0.951201 0.0594921 0.0291384 0.406961
0 0.137086 0.632574 0.0158799 0.0131974 0.386643
0 0.193384 0.294274 0.0276046 0.014624 0.371505
0 0.16941 0.220989 0.0289064 0.0163846 0.358663
0 0.673396 0.54911 0.0876096 0.0819298 0.32673
0 0.501871 0.302119 0.0280666 0.0153148 0.297326
0 0.435251 0.539413 0.00967865 0.00852871 0.295583
0 0.191038 0.591323 0.0170243 0.0131985 0.277335
0 0.666088 0.817044 0.119311 0.0871097 0.26842
0 0.180194 0.633394 0.0199937 0.0293129 0.259982
0 0.175073 0.637455 0.0318868 0.0360352 0.250729
