0 0.496976 0.135393 0.209849 0.246965 0.891128
0 0.582425 0.419836 0.183702 0.142792 0.8768
0 0.72438 0.675181 0.240806 0.109322 0.848196
0 0.890833 0.39629 0.215947 0.186648 0.838266
0 0.468001 0.686848 0.11511 0.077288 0.811503
0 0.784728 0.863433 0.125468 0.168101 0.806981
0 0.312179 0.226533 0.318593 0.160233 0.806798
0 0.0912876 0.0688516 0.0820132 0.0495776 0.794388
0 0.126245 0.231556 0.0597095 0.05628 0.792554
0 0.157414 0.0396783 0.0603276 0.0539776 0.786208
0 0.886391 0.34669 0.0704929 0.0657535 0.766297
0 0.0896107 0.688799 0.0669835 0.0360193 0.764131
0 0.932066 0.187036 0.0569059 0.0552649 0.763301
0 0.888265 0.57889 0.0963364 0.0484955 0.758298
0 0.782712 0.0593616 0.0711047 0.0349458 0.757896
0 0.501809 0.922621 0.189578 0.10938 0.749982
0 0.495923 0.810113 0.141595 0.104953 0.749496
0 0.593529 0.780561 0.0742029 0.0676792 0.740379
0 0.821404 0.246182 0.0553654 0.0535592 0.720844
0 0.163806 0.377228 0.0644136 0.0576955 0.703857
0 0.742584 0.353618 0.0571858 0.0526652 0.699276
0 0.113274 0.81208 0.080465 0.0412188 0.693043
0 0.178947 0.621584 0.058613 0.0293577 0.692628
0 0.254976 0.464843 0.101965 0.0579863 0.682421
0 0.38332 0.705338 0.0513436 0.0265722 0.675572
0 0.0212338 0.577021 0.0424676 0.0355955 0.657123
0 0.923352 0.704336 0.0339901 0.022069 0.633625
0 0.211316 0.811678 0.0289574 0.031603 0.620782
0 0.680173 0.254261 0.144914 0.0692701 0.599527
0 0.875589 0.716206 0.0762085 0.0407436 0.593954
0 0.755591 0.595002 0.0457615 0.0210092 0.585909
0 0.289795 0.725732 0.0667685 0.04327 0.583661
0 0.363136 0.779088 0.0361321 0.0199391 0.583415
0 0.0179799 0.210982 0.0359597 0.0663502 0.526625
1 0.329708 0.721829 0.262841 0.16115 0.511528
1 0.895912 0.70999 0.189973 0.116974 0.496526
0 0.189192 0.947937 0.0507933 0.0268326 0.486721
0 0.411266 0.979022 0.0348505 0.0189598 0.452001
0 0.0109979 0.626566 0.0219274 0.0334418 0.441459
0 0.0124022 0.750175 0.0248045 0.0342234 0.424529
0 0.99028 0.990663 0.0186985 0.0165367 0.420968
0 0.123808 0.870045 0.0286021 0.0286446 0.394648
0 0.349461 0.733768 0.0277779 0.0177278 0.335852
0 0.0288519 0.119179 0.0566233 0.0590166 0.320709
0 0.87823 0.0163346 0.0463224 0.028044 0.292612
0 0.498344 0.589957 0.120247 0.0744048 0.283031
0 0.966379 0.969027 0.015946 0.0152531 0.266431
