0 0.295871 0.602704 0.316805 0.262721 0.918516
0 0.464721 0.912818 0.172845 0.146392 0.916876
0 0.69647 0.401055 0.259517 0.160948 0.912273
0 0.784425 0.851713 0.240908 0.244618 0.911226
0 0.278149 0.117581 0.358753 0.215717 0.908169
0 0.471953 0.374341 0.259068 0.188 0.895926
0 0.698046 0.590484 0.283162 0.218404 0.881818
0 0.752501 0.74006 0.227074 0.236249 0.879468
0 0.82686 0.299179 0.260938 0.187674 0.846324
0 0.130363 0.272031 0.0580663 0.0490732 0.704444
0 0.0816806 0.394239 0.0601504 0.0486568 0.692312
0 0.0619418 0.510792 0.0585435 0.0463255 0.653259
