0 0.258802 0.508332 0.162208 0.116783 0.87748
0 0.714287 0.516242 0.171326 0.13169 0.876034
0 0.652845 0.345169 0.180992 0.138184 0.867299
0 0.134134 0.207614 0.107655 0.098324 0.845375
0 0.654633 0.217555 0.183734 0.134733 0.833852
0 0.451616 0.197485 0.171463 0.156548 0.830275
0 0.433484 0.0327575 0.0962906 0.0550171 0.812799
0 0.33481 0.951162 0.0775056 0.0684055 0.812505
0 0.406517 0.487656 0.0627175 0.0698362 0.811374
0 0.337482 0.0246297 0.0771655 0.0492593 0.788687
0 0.17725 0.107703 0.0971726 0.0746349 0.780743
0 0.0474378 0.901561 0.0942157 0.0513861 0.778821
0 0.729062 0.700368 0.0927294 0.0683989 0.778467
0 0.301563 0.859757 0.0919679 0.0524456 0.77592
0 0.852385 0.679781 0.165775 0.0936644 0.76767
0 0.2339 0.0154601 0.0520979 0.0283447 0.765252
0 0.305678 0.670012 0.158493 0.110149 0.755965
0 0.23215 0.221164 0.0794607 0.0824706 0.748726
0 0.224153 0.412911 0.0747883 0.0592656 0.746138
0 0.16934 0.439144 0.0807634 0.0593423 0.737277
0 0.625737 0.763025 0.0681225 0.0427826 0.735236
0 0.179496 0.309962 0.0827845 0.0598163 0.722735
0 0.0496199 0.832166 0.0751524 0.0714479 0.719778
0 0.461201 0.447221 0.0533952 0.0398577 0.70703
0 0.460749 0.510446 0.0526377 0.076021 0.702021
0 0.0304731 0.476061 0.0609462 0.0279951 0.67008
0 0.55319 0.5151 0.0360068 0.0604002 0.664266
0 0.331475 0.0844713 0.0556701 0.0422743 0.640338
0 0.846131 0.309433 0.0324993 0.0257122 0.636525
0 0.111661 0.278711 0.0619965 0.0409461 0.625797
0 0.885025 0.276751 0.0629776 0.0619411 0.606272
0 0.814268 0.522729 0.0613487 0.0406679 0.561086
0 0.84454 0.750516 0.0401024 0.0233166 0.554065
0 0.253702 0.766376 0.0547792 0.0217106 0.546547
0 0.430135 0.88611 0.132365 0.0676308 0.544735
0 0.375036 0.250858 0.0563582 0.0391433 0.524043
0 0.411421 0.419332 0.0329588 0.0271338 0.522698
0 0.561239 0.89024 0.0768597 0.0222475 0.510358
0 0.465211 0.323806 0.0446316 0.0291381 0.48906
0 0.204685 0.664174 0.139571 0.0528399 0.477441
0 0.914673 0.901155 0.0357353 0.0242712 0.440878
0 0.695039 0.747305 0.0390907 0.0285818 0.419161
0 0.122844 0.344552 0.0284757 0.0199593 0.359114
0 0.194556 0.747164 0.0420442 0.0294181 0.343884
0 0.399339 0.669548 0.0279666 0.0269573 0.294112
0 0.397409 0.732046 0.0286065 0.0206815 0.255417
