0 0.401794 0.317875 0.0754787 0.213167 0.909627
0 0.0888107 0.873432 0.158488 0.175463 0.90376
0 0.242882 0.23751 0.0423322 0.093506 0.875034
0 0.610797 0.196338 0.075358 0.147395 0.871169
1 0.263404 0.423635 0.137415 0.266991 0.868047
0 0.734726 0.0590421 0.0679035 0.102413 0.815326
0 0.6505 0.257653 0.019046 0.0596745 0.811754
0 0.816033 0.467881 0.0152355 0.0224461 0.788494
0 0.861313 0.094977 0.017242 0.0229403 0.728308
0 0.31611 0.686068 0.0183333 0.0309698 0.722899
0 0.481548 0.220646 0.0659904 0.202593 0.7227
0 0.708951 0.386396 0.0203028 0.0365255 0.713866
1 0.892516 0.344279 0.0988762 0.149943 0.707219
0 0.733903 0.176755 0.0193552 0.0599299 0.680456
0 0.562377 0.540736 0.0116023 0.021056 0.635855
0 0.483096 0.64053 0.0137325 0.0232811 0.627528
0 0.726254 0.269231 0.0171286 0.0324361 0.618529
0 0.176813 0.448693 0.046071 0.0762055 0.482373
0 0.0187509 0.953679 0.0374498 0.0926425 0.481596
0 0.892913 0.344157 0.0989 0.148536 0.472718
0 0.197986 0.866768 0.0167577 0.0296131 0.428202
1 0.481885 0.22172 0.0660391 0.200155 0.374524
0 0.0572681 0.540591 0.079196 0.119296 0.276026
