0 0.288986 0.634899 0.196392 0.065564 0.820594
0 0.30726 0.173346 0.462386 0.167589 0.801567
0 0.527645 0.535626 0.129234 0.0637535 0.72224
0 0.708644 0.886083 0.540633 0.0949312 0.647732
0 0.538869 0.578799 0.0576981 0.0223978 0.568342
0 0.530034 0.54711 0.126134 0.0413734 0.526062
0 0.25562 0.411163 0.117918 0.0436655 0.47428
0 0.835678 0.254374 0.0538757 0.0296755 0.366107
0 0.826387 0.257182 0.0729872 0.0336921 0.294901
0 0.542078 0.617898 0.0688507 0.0210878 0.292315
0 0.901112 0.253145 0.0457977 0.018215 0.28494
0 0.184545 0.492449 0.36909 0.095816 0.265544
