0 0.552128 0.10241 0.121589 0.145862 0.942872
0 0.597117 0.351673 0.12767 0.131465 0.939139
0 0.743692 0.0670566 0.121795 0.128507 0.932322
0 0.326185 0.377593 0.0896632 0.0837158 0.910668
0 0.51536 0.529 0.113647 0.0694195 0.909428
0 0.536283 0.468258 0.116498 0.0674101 0.908687
0 0.903762 0.368189 0.0811144 0.0840187 0.908338
1 0.510443 0.80605 0.107121 0.0850933 0.895757
0 0.516584 0.632369 0.114445 0.0610422 0.895551
0 0.202428 0.44618 0.0347616 0.0387049 0.892431
0 0.37159 0.227746 0.0687794 0.14217 0.887426
0 0.167983 0.205038 0.0318491 0.0589958 0.886665
0 0.163077 0.330375 0.0319754 0.0590424 0.877447
0 0.737293 0.553337 0.0726808 0.0901672 0.868516
0 0.234923 0.824791 0.0679059 0.0599766 0.864121
0 0.824082 0.222512 0.0701843 0.113318 0.861834
1 0.748398 0.830298 0.0674738 0.0705708 0.846746
0 0.680651 0.603228 0.0724821 0.0691401 0.844769
0 0.195386 0.34966 0.0303374 0.0348543 0.842158
0 0.294126 0.615171 0.0560547 0.0715919 0.82897
0 0.296216 0.486653 0.0935598 0.0615723 0.814857
0 0.0781796 0.699606 0.0254014 0.0245144 0.813569
0 0.371203 0.4714 0.0401368 0.0215202 0.805445
0 0.0732137 0.65125 0.0415382 0.0535223 0.805275
0 0.782429 0.396517 0.0797983 0.120553 0.804218
0 0.145835 0.470135 0.0188148 0.0275688 0.799248
0 0.894162 0.276428 0.0255611 0.0268174 0.742955
0 0.105699 0.440898 0.0120569 0.0160258 0.736939
0 0.93234 0.174946 0.0278294 0.0291403 0.725372
0 0.677988 0.248717 0.0205675 0.033206 0.720839
0 0.831334 0.534979 0.0461586 0.0604731 0.718122
0 0.191924 0.708169 0.0191298 0.0246577 0.712277
0 0.710419 0.18958 0.0179039 0.0208397 0.700963
0 0.208416 0.280386 0.0157487 0.0286483 0.698292
0 0.700678 0.159059 0.022888 0.0336485 0.669253
0 0.388851 0.602174 0.0139772 0.0174374 0.660342
0 0.455419 0.124989 0.0192204 0.0310137 0.654428
0 0.234548 0.539803 0.0125748 0.0157911 0.630373
1 0.581444 0.692005 0.0359985 0.0401335 0.624107
0 0.0683797 0.877528 0.0440804 0.0583513 0.620909
0 0.837809 0.7831 0.0202385 0.0339398 0.618209
0 0.0975236 0.400477 0.014284 0.020496 0.603513
0 0.488512 0.705932 0.0197975 0.022702 0.593391
0 0.813264 0.71098 0.0264923 0.0568581 0.590482
0 0.643053 0.637847 0.0228084 0.0308725 0.585259
0 0.420515 0.602012 0.0277147 0.0176776 0.559841
0 0.4522 0.225638 0.0193958 0.0311766 0.536323
0 0.211918 0.194531 0.0170217 0.03175 0.532514
1 0.17213 0.839311 0.0347505 0.0622429 0.519697
0 0.244713 0.474017 0.0119301 0.0145538 0.508939
0 0.890846 0.559052 0.0208523 0.0228444 0.505736
0 0.870097 0.6561 0.0255932 0.0287179 0.503134
0 0.771611 0.155508 0.0653042 0.140692 0.502497
0 0.195236 0.63655 0.0133642 0.0156258 0.498303
0 0.171642 0.838724 0.0344847 0.0606085 0.49047
0 0.203795 0.73768 0.00996865 0.0148734 0.468283
0 0.489893 0.790147 0.0124239 0.0103003 0.462579
1 0.413979 0.565071 0.0849605 0.062838 0.458306
0 0.300436 0.495719 0.0851134 0.0441765 0.438808
0 0.0567395 0.721819 0.0260975 0.0373405 0.438238
1 0.882637 0.730796 0.0565948 0.0840643 0.419843
1 0.0730457 0.651651 0.0409034 0.0541128 0.415406
0 0.153925 0.497572 0.016243 0.0226294 0.40231
1 0.235738 0.437772 0.0314901 0.0306946 0.396342
0 0.235006 0.438172 0.0296807 0.0314614 0.390092
0 0.0658752 0.454696 0.0109833 0.0135075 0.367619
0 0.184335 0.688261 0.0101653 0.0168026 0.364008
0 0.3987 0.697187 0.0127069 0.0137169 0.358677
1 0.77148 0.665836 0.0590019 0.0835907 0.35129
0 0.167195 0.651317 0.00992467 0.0200741 0.345899
0 0.456131 0.078397 0.0150334 0.0210001 0.342025
1 0.893369 0.577745 0.0608147 0.0594961 0.339727
0 0.141543 0.778795 0.00940804 0.0137999 0.327274
0 0.402195 0.62211 0.0124445 0.0119635 0.325794
0 0.156953 0.684262 0.0107795 0.0123354 0.314824
0 0.838465 0.385141 0.0219557 0.0208638 0.313564
1 0.772955 0.661506 0.0391412 0.0593119 0.27706
1 0.164076 0.485126 0.0428903 0.0932278 0.270247
