0 0.203041 0.339698 0.118377 0.206377 0.922673
0 0.0912716 0.436522 0.0967283 0.156964 0.919795
0 0.272568 0.107185 0.0974585 0.182725 0.915563
0 0.662599 0.137673 0.078956 0.131508 0.872166
0 0.901666 0.846135 0.122301 0.202831 0.865312
0 0.808131 0.833085 0.0422531 0.0583864 0.81233
0 0.631363 0.241567 0.0430684 0.116325 0.758143
0 0.754391 0.430149 0.213253 0.376774 0.739298
1 0.406376 0.305116 0.135116 0.225146 0.723396
1 0.616435 0.874089 0.106714 0.15041 0.638983
0 0.604377 0.875077 0.129518 0.148969 0.377765
