0 0.856591 0.648293 0.178094 0.0367256 0.777992
0 0.733505 0.604898 0.28796 0.0607109 0.706295
0 0.477066 0.411408 0.293273 0.054644 0.684953
0 0.412688 0.560521 0.264535 0.0406192 0.666584
0 0.289959 0.508365 0.182611 0.0414396 0.661486
0 0.533726 0.268143 0.196733 0.0329974 0.634168
0 0.569193 0.0310887 0.259619 0.0548998 0.629331
0 0.297524 0.0904913 0.162278 0.0390549 0.600724
0 0.468163 0.324008 0.238541 0.0387929 0.59626
0 0.834743 0.210523 0.161873 0.0384761 0.595541
0 0.608588 0.12375 0.206136 0.0369988 0.525906
0 0.594733 0.458886 0.156782 0.034766 0.507707
0 0.318052 0.845686 0.124511 0.0286385 0.503598
0 0.514909 0.174472 0.1586 0.0357838 0.484676
0 0.150903 0.713516 0.231796 0.0350311 0.465756
0 0.63184 0.932952 0.242948 0.0406633 0.329585
0 0.975622 0.264649 0.0487564 0.0512815 0.281017
0 0.223631 0.954936 0.197524 0.0367357 0.260833
