0 0.0900995 0.780766 0.0875004 0.0454363 0.891302
0 0.586904 0.689706 0.107568 0.0673813 0.887209
0 0.238616 0.491766 0.185743 0.117775 0.87359
0 0.107527 0.397321 0.124862 0.0743627 0.869065
0 0.73215 0.528348 0.0677183 0.0614479 0.858277
0 0.285725 0.301459 0.0986589 0.134632 0.851245
0 0.632935 0.23967 0.101102 0.0514503 0.839389
0 0.584894 0.452971 0.0786046 0.0653811 0.8385
0 0.709959 0.594179 0.105617 0.0683566 0.834168
0 0.625681 0.40197 0.0719708 0.0539023 0.833952
0 0.394032 0.681068 0.0348101 0.033289 0.829068
0 0.558592 0.576701 0.0761307 0.0485275 0.8274
0 0.278498 0.74892 0.0529342 0.096347 0.817214
0 0.679995 0.30228 0.0452771 0.0356669 0.81332
0 0.380656 0.221896 0.052524 0.084363 0.811347
0 0.260704 0.19555 0.0659522 0.0530132 0.804522
0 0.0835305 0.301628 0.053928 0.0456897 0.800685
0 0.232626 0.407785 0.0557372 0.0340667 0.765568
0 0.387587 0.403964 0.181941 0.0307851 0.763406
0 0.317979 0.649772 0.03608 0.10603 0.748052
0 0.115868 0.256276 0.0440375 0.0326448 0.738219
0 0.554593 0.201752 0.0372844 0.0265552 0.728958
0 0.249994 0.380854 0.0313392 0.0237091 0.716982
0 0.534768 0.323905 0.0281998 0.0236576 0.708121
0 0.509093 0.453745 0.0577153 0.136082 0.69046
0 0.216655 0.582978 0.0437515 0.0295481 0.674707
0 0.671188 0.547664 0.0820601 0.0770958 0.664703
0 0.528174 0.743033 0.170965 0.0568591 0.654075
0 0.415458 0.338139 0.0370062 0.0277284 0.636564
0 0.0212606 0.217852 0.0422084 0.0554904 0.60881
0 0.343892 0.487159 0.0462129 0.0243242 0.588886
0 0.077484 0.234722 0.0322971 0.0226688 0.586927
0 0.490448 0.227165 0.0292458 0.0168092 0.567233
0 0.501411 0.301861 0.0282167 0.0154384 0.553663
0 0.327673 0.439147 0.0319596 0.0191304 0.528715
0 0.159927 0.750874 0.0220399 0.0160734 0.517261
0 0.0126791 0.344422 0.0251777 0.0211118 0.507844
0 0.437683 0.158594 0.212863 0.0445805 0.468295
0 0.193954 0.29414 0.0258888 0.0142978 0.443775
0 0.0360665 0.388538 0.0270344 0.0125969 0.394038
0 0.588538 0.595604 0.0422357 0.0316181 0.387784
0 0.157606 0.645945 0.0286837 0.0321703 0.331672
0 0.00457704 0.305394 0.00915407 0.0157788 0.322046
0 0.138094 0.634449 0.0160209 0.0141189 0.321348
0 0.341978 0.393326 0.095328 0.0285149 0.317573
0 0.530373 0.733454 0.168495 0.048978 0.285422
0 0.500832 0.742233 0.116916 0.0576103 0.276421
