0 0.890522 0.396277 0.214172 0.179428 0.948737
0 0.307511 0.226007 0.312349 0.151238 0.93692
0 0.496354 0.134402 0.208659 0.239117 0.923973
0 0.784725 0.865863 0.117039 0.162542 0.917281
0 0.581396 0.419935 0.17821 0.134481 0.915448
0 0.504615 0.921183 0.179454 0.102987 0.879946
0 0.723337 0.672691 0.237132 0.0970494 0.874753
0 0.123836 0.232743 0.0585744 0.0544472 0.846494
0 0.932989 0.186922 0.0577351 0.0540801 0.838854
0 0.0914231 0.0690368 0.0792095 0.0462203 0.827863
0 0.887787 0.577817 0.095928 0.0484195 0.816511
0 0.497342 0.80934 0.136777 0.0994281 0.816252
0 0.823741 0.244871 0.0565849 0.0525888 0.815181
0 0.782623 0.0580983 0.0692399 0.0310826 0.812531
0 0.0882847 0.689053 0.0658452 0.0354092 0.811191
0 0.886835 0.347547 0.0683905 0.061025 0.809491
0 0.466391 0.689494 0.107676 0.0705593 0.80754
0 0.592607 0.782923 0.0732801 0.068812 0.769932
0 0.383373 0.704482 0.0498801 0.0236881 0.749207
0 0.156952 0.0378794 0.0608589 0.0563046 0.745793
0 0.178356 0.620166 0.0574153 0.0302395 0.743601
0 0.875192 0.720572 0.0723202 0.0285961 0.7414
0 0.0173078 0.217796 0.0345851 0.0490245 0.728415
0 0.0204774 0.575978 0.0405073 0.0332554 0.703043
0 0.111241 0.811925 0.0819593 0.0412556 0.703011
0 0.159666 0.377857 0.0558477 0.0568264 0.698307
0 0.363837 0.778555 0.0341825 0.0183014 0.695298
0 0.924117 0.704858 0.0276581 0.0169521 0.681176
0 0.253911 0.465126 0.0964395 0.0602833 0.678469
0 0.75419 0.595659 0.0403541 0.0177967 0.671684
0 0.124117 0.870853 0.0279479 0.027467 0.64593
0 0.211681 0.812044 0.0280196 0.0281334 0.626086
0 0.0106765 0.625738 0.0212892 0.0302949 0.61677
0 0.0117976 0.751629 0.0235715 0.0349859 0.610931
0 0.297307 0.730289 0.0489703 0.0327762 0.610725
0 0.741361 0.360535 0.0502837 0.0407503 0.603954
0 0.188359 0.947061 0.0525243 0.0278769 0.589919
0 0.112303 0.34033 0.0667402 0.103413 0.584488
0 0.348507 0.734723 0.0261677 0.0151851 0.583624
0 0.41078 0.979333 0.0320992 0.0159225 0.453855
0 0.991189 0.992599 0.0176226 0.0137592 0.413027
0 0.992457 0.968186 0.0150852 0.0203867 0.29831
