0 0.781097 0.853617 0.236773 0.249241 0.944107
0 0.297845 0.603114 0.315125 0.263855 0.942223
0 0.463232 0.912992 0.174757 0.146387 0.940677
0 0.473079 0.376459 0.251273 0.188318 0.939989
0 0.823256 0.302386 0.262089 0.188807 0.936148
0 0.693713 0.592932 0.271837 0.216895 0.925116
0 0.280318 0.115767 0.350195 0.216441 0.923903
0 0.694759 0.401134 0.260372 0.157888 0.912075
0 0.755772 0.741416 0.224593 0.237092 0.911063
0 0.131139 0.272043 0.0575903 0.0497089 0.901077
0 0.0816146 0.393128 0.0578035 0.0464045 0.897061
0 0.0616852 0.510862 0.0590723 0.0449572 0.884303
0 0.11216 0.950069 0.0445859 0.037862 0.345245
