0 0.303067 0.667328 0.155761 0.103955 0.94073
0 0.2601 0.508496 0.159037 0.113297 0.93627
0 0.71504 0.5175 0.162364 0.123512 0.906407
0 0.0485994 0.832094 0.0689171 0.0704449 0.905222
0 0.134472 0.207715 0.100516 0.0913341 0.903671
0 0.231802 0.218963 0.0764417 0.0760295 0.90326
0 0.335219 0.950585 0.0764755 0.0656368 0.890678
0 0.405352 0.486655 0.0624351 0.0671616 0.890454
0 0.180233 0.310929 0.0806976 0.0561993 0.887129
0 0.460486 0.50986 0.0514353 0.0754789 0.88648
0 0.884361 0.276614 0.0582138 0.0594313 0.883715
0 0.846661 0.308422 0.0283676 0.0247418 0.883469
0 0.729324 0.700936 0.0871878 0.0638008 0.881465
0 0.223421 0.41262 0.071823 0.057431 0.877706
0 0.337553 0.0247698 0.0764277 0.0495395 0.876289
0 0.627494 0.763438 0.0641062 0.0416805 0.873734
0 0.0477884 0.900557 0.0914694 0.0486383 0.871163
0 0.175978 0.108461 0.0926612 0.0668395 0.869615
0 0.333326 0.0840667 0.0539073 0.0406791 0.869614
0 0.450864 0.198172 0.164113 0.156235 0.86837
0 0.554525 0.514101 0.0301235 0.0586452 0.864622
0 0.172083 0.439302 0.0750745 0.0536713 0.863089
0 0.814915 0.522998 0.0570858 0.0376413 0.861427
0 0.434497 0.0340153 0.0954048 0.0498781 0.855213
0 0.375006 0.249941 0.0524813 0.0386862 0.846452
0 0.301954 0.859945 0.0907711 0.0485577 0.84253
0 0.461047 0.447463 0.0503965 0.0365934 0.842371
0 0.917354 0.900707 0.0288925 0.0213192 0.820482
0 0.851599 0.680528 0.159214 0.0912854 0.817383
0 0.410777 0.419447 0.0300998 0.0261909 0.815944
0 0.845353 0.749831 0.0358761 0.021686 0.815401
0 0.206595 0.664516 0.13466 0.0507169 0.811251
0 0.114029 0.278681 0.0544659 0.0391561 0.809735
0 0.0294136 0.475897 0.0588273 0.0267729 0.805242
0 0.253646 0.766432 0.0549406 0.0195499 0.792945
0 0.400317 0.668942 0.0243129 0.0241285 0.773504
0 0.651055 0.344154 0.170235 0.135513 0.768751
0 0.234089 0.0163441 0.0517187 0.0261231 0.76704
0 0.439188 0.895107 0.0583755 0.0398273 0.759909
0 0.465145 0.323343 0.0414454 0.0283347 0.758932
0 0.406723 0.606732 0.0236061 0.0144178 0.756184
0 0.656065 0.219028 0.180973 0.131011 0.752523
0 0.0296076 0.273101 0.0233563 0.0191014 0.751896
0 0.122591 0.343859 0.0253239 0.0180787 0.724787
0 0.69362 0.747749 0.036915 0.0269146 0.723496
0 0.398529 0.73103 0.0239497 0.0173929 0.699336
0 0.561709 0.890014 0.0732475 0.0164055 0.683651
0 0.484091 0.89055 0.0270658 0.0236271 0.622256
0 0.193954 0.747824 0.0411999 0.0286377 0.591135
1 0.432147 0.88606 0.132471 0.067511 0.502691
0 0.367249 0.448216 0.0254062 0.0150459 0.415515
0 0.737382 0.737864 0.0326654 0.0237953 0.396291
0 0.896921 0.152692 0.0295156 0.039027 0.250329
