1 0.511363 0.80623 0.106336 0.0871809 0.931469
0 0.595866 0.352257 0.12684 0.133816 0.930176
1 0.74796 0.829968 0.0694435 0.0739033 0.921237
0 0.326604 0.378353 0.0874186 0.0836293 0.921167
0 0.736266 0.55399 0.0699034 0.0894213 0.918919
1 0.884549 0.732151 0.0600098 0.078625 0.91735
0 0.746175 0.0675252 0.117216 0.12834 0.915221
0 0.680367 0.604199 0.0712639 0.0680077 0.913388
0 0.293794 0.616533 0.0566391 0.068918 0.912219
0 0.552904 0.101741 0.123302 0.150342 0.911697
0 0.195415 0.349962 0.0300549 0.0351661 0.899495
0 0.235308 0.823502 0.0681427 0.0630856 0.898482
0 0.162971 0.330567 0.0302886 0.057842 0.897415
0 0.371951 0.228737 0.0668133 0.142044 0.896684
0 0.073745 0.652662 0.041909 0.0545943 0.895307
0 0.167908 0.205459 0.0305704 0.0580028 0.894101
0 0.90444 0.36847 0.0795582 0.0809443 0.890589
0 0.516341 0.632807 0.11277 0.0598019 0.886104
0 0.536165 0.469654 0.115732 0.0686649 0.88312
0 0.0693943 0.877801 0.0449498 0.0607235 0.882386
0 0.514881 0.528425 0.109887 0.0690075 0.881843
0 0.202374 0.446619 0.0353128 0.0378209 0.869293
0 0.932214 0.174884 0.0254311 0.0273075 0.863935
0 0.296993 0.487463 0.0931475 0.0616498 0.86371
0 0.105638 0.442035 0.0117366 0.0160774 0.858702
0 0.823915 0.223733 0.0680233 0.110731 0.853776
0 0.145906 0.469626 0.0195248 0.0264531 0.853571
0 0.7822 0.397548 0.0776007 0.115171 0.849632
0 0.870441 0.657028 0.0280228 0.028509 0.849578
0 0.172299 0.838491 0.0370452 0.060387 0.847405
0 0.894065 0.276694 0.0234913 0.0253338 0.84334
0 0.0788182 0.699403 0.0236033 0.0235056 0.843336
0 0.677255 0.248677 0.0201977 0.0338326 0.833884
0 0.371143 0.472014 0.0405131 0.0208014 0.833792
0 0.208342 0.281821 0.017208 0.0260248 0.823548
0 0.191929 0.706506 0.0176901 0.0237137 0.812878
0 0.710535 0.189549 0.0162327 0.0217236 0.812459
0 0.833177 0.538144 0.0488812 0.0638515 0.809107
0 0.452091 0.225684 0.0180696 0.0304158 0.804482
0 0.7681 0.165079 0.0554689 0.120615 0.795902
0 0.700671 0.159485 0.021429 0.0340526 0.782621
0 0.0984328 0.401172 0.0145512 0.0203591 0.775313
0 0.454538 0.124756 0.0194786 0.0315104 0.765568
1 0.415701 0.56692 0.0889196 0.064199 0.726838
0 0.212662 0.195642 0.015089 0.0270583 0.726304
0 0.89128 0.558523 0.0204521 0.0210716 0.715115
0 0.195433 0.636864 0.0130121 0.0160248 0.713393
0 0.420004 0.601994 0.027462 0.0155203 0.708471
1 0.89285 0.56812 0.0600384 0.0767658 0.706788
1 0.968895 0.189053 0.0620354 0.0426855 0.68546
0 0.487496 0.706335 0.022485 0.0219501 0.676534
0 0.388614 0.603035 0.0149599 0.0185819 0.672369
0 0.24553 0.474435 0.0114358 0.0149151 0.669013
0 0.640186 0.636939 0.0299606 0.0352028 0.651937
1 0.527132 0.81646 0.0714767 0.062117 0.650589
0 0.234571 0.540553 0.0104161 0.0125505 0.647558
1 0.580474 0.690095 0.0344497 0.0371031 0.637575
1 0.977339 0.488138 0.0451733 0.0384623 0.631856
0 0.456259 0.0766637 0.0148733 0.0234881 0.628806
0 0.203703 0.737306 0.0109192 0.0161394 0.627608
0 0.83776 0.784439 0.0164276 0.0305674 0.62348
0 0.830938 0.910479 0.0101685 0.0287453 0.623232
0 0.96947 0.162898 0.0401188 0.03267 0.612592
0 0.837872 0.387026 0.0203096 0.0229009 0.597282
1 0.233685 0.438549 0.0349635 0.0324476 0.576623
0 0.773812 0.663369 0.0493082 0.0671114 0.567829
0 0.152584 0.49684 0.0156504 0.0198051 0.560495
1 0.930213 0.47418 0.0707209 0.0932552 0.556561
1 0.969269 0.165666 0.0614622 0.0882604 0.534649
0 0.399094 0.696222 0.0123464 0.0124926 0.520821
0 0.234184 0.436419 0.0341638 0.028069 0.504807
1 0.774102 0.663878 0.0497334 0.0684937 0.4891
0 0.833123 0.851921 0.0174515 0.0658569 0.481488
0 0.588223 0.710616 0.0158001 0.0163179 0.46225
1 0.977126 0.501899 0.045742 0.0662095 0.435996
1 0.63793 0.635686 0.0380348 0.0414131 0.415088
1 0.977257 0.45037 0.0454864 0.0444998 0.413739
1 0.892383 0.581097 0.0589565 0.0570501 0.408546
0 0.638154 0.635812 0.0384144 0.0408512 0.396848
0 0.401711 0.62263 0.0118685 0.014265 0.387983
0 0.744378 0.629412 0.0198586 0.0120908 0.384192
1 0.971656 0.733858 0.0562775 0.0234556 0.378629
0 0.613707 0.644988 0.0150585 0.0133461 0.377614
1 0.898914 0.56182 0.0490894 0.0683049 0.3669
1 0.161421 0.487 0.0479915 0.0902708 0.359555
0 0.971803 0.159706 0.0472538 0.0441893 0.353529
0 0.479505 0.706412 0.04023 0.023946 0.345336
0 0.141066 0.777595 0.00983129 0.0133119 0.319785
1 0.955992 0.641445 0.0874496 0.148468 0.31138
1 0.881556 0.661611 0.0340069 0.0788412 0.302812
1 0.430751 0.567598 0.0600002 0.0636925 0.300716
1 0.833034 0.851498 0.0184303 0.0668543 0.300035
0 0.728094 0.841339 0.019338 0.0228285 0.287654
0 0.18379 0.69017 0.00888987 0.0149965 0.282822
0 0.989238 0.353064 0.0211147 0.0199624 0.274186
1 0.961082 0.520709 0.0777893 0.0412513 0.265844
0 0.988595 0.329342 0.0228104 0.0679796 0.263781
0 0.166067 0.649891 0.0134663 0.025248 0.253391
1 0.40367 0.564337 0.0634167 0.0617023 0.251491
