0 0.39413 0.680966 0.0335116 0.0323191 0.906393
0 0.107374 0.398232 0.121005 0.0724386 0.904183
0 0.731715 0.529047 0.0692886 0.0595455 0.902292
0 0.260904 0.195073 0.0681716 0.056203 0.900754
0 0.626338 0.401747 0.0725737 0.0548193 0.899428
0 0.590032 0.455769 0.0688894 0.0611299 0.898757
0 0.586788 0.69037 0.104483 0.0654778 0.896012
0 0.379462 0.22198 0.0551888 0.0854858 0.887085
0 0.633132 0.238913 0.103542 0.0519523 0.880476
0 0.282975 0.299125 0.0929171 0.140455 0.877106
0 0.0901499 0.780355 0.0888189 0.0442081 0.870925
0 0.0832812 0.301157 0.052906 0.0465466 0.869777
0 0.709163 0.594747 0.104554 0.0690509 0.868911
0 0.68035 0.302233 0.0456036 0.0356452 0.861673
0 0.527558 0.742163 0.168241 0.058734 0.85159
0 0.115713 0.25684 0.0441137 0.0317358 0.839169
0 0.234051 0.407651 0.0565603 0.0345445 0.835679
0 0.557659 0.576675 0.0727909 0.048418 0.827704
0 0.554613 0.201024 0.0376776 0.0272387 0.819398
0 0.414663 0.338259 0.0385612 0.0285124 0.815546
0 0.216823 0.583721 0.0420098 0.0267389 0.785197
0 0.249137 0.380958 0.0309436 0.0240909 0.769737
0 0.27818 0.747549 0.0532697 0.0977586 0.765772
0 0.491147 0.2275 0.0283874 0.0170205 0.76075
0 0.0780471 0.233987 0.0336276 0.0228298 0.75623
0 0.435258 0.155391 0.220115 0.0361854 0.750369
0 0.512986 0.454488 0.0673244 0.139667 0.747004
0 0.534101 0.323998 0.0302279 0.0237734 0.744501
0 0.159775 0.749326 0.0212353 0.0144692 0.735447
1 0.317759 0.649919 0.0345433 0.106659 0.729251
0 0.665401 0.819251 0.114711 0.0869097 0.716953
0 0.0123181 0.344297 0.023032 0.0223677 0.706092
0 0.158374 0.64254 0.0284537 0.035471 0.699936
0 0.0113433 0.765381 0.0220385 0.0165834 0.698516
0 0.332893 0.392541 0.0759059 0.0272179 0.695172
0 0.501289 0.301957 0.0279087 0.014832 0.684785
0 0.342952 0.486659 0.0443939 0.0240168 0.65878
0 0.162879 0.640934 0.0363618 0.0399708 0.652691
0 0.0205259 0.216498 0.0408396 0.0581612 0.650793
0 0.328313 0.439785 0.0285917 0.0209576 0.630073
0 0.390966 0.404059 0.175132 0.0294554 0.605217
0 0.237698 0.497898 0.187253 0.107685 0.604793
0 0.137191 0.632399 0.0147386 0.0116847 0.596978
0 0.193582 0.643879 0.0224921 0.0274828 0.591593
0 0.00456207 0.305382 0.00876121 0.0139468 0.559082
0 0.589229 0.5959 0.0413577 0.0324178 0.51706
1 0.278447 0.746652 0.0531084 0.0993689 0.503045
0 0.16914 0.219963 0.0267215 0.0140428 0.496245
0 0.192158 0.591177 0.0169457 0.0119495 0.475252
0 0.180148 0.634869 0.0185038 0.0323034 0.439534
0 0.213443 0.478136 0.139403 0.0880602 0.43665
0 0.0360405 0.38819 0.0234097 0.0115022 0.421917
0 0.623786 0.505409 0.0121838 0.00976925 0.373944
0 0.514125 0.48009 0.0657983 0.0833685 0.363544
0 0.666542 0.539127 0.0706358 0.0605753 0.362955
1 0.666393 0.818306 0.116473 0.0910175 0.329246
0 0.194093 0.29374 0.0269568 0.0152687 0.317241
0 0.528452 0.479413 0.0371097 0.0792519 0.307161
0 0.799503 0.806333 0.0377224 0.0220322 0.29995
0 0.0752843 0.484457 0.0142201 0.0120885 0.264609
