0 0.497362 0.135999 0.20685 0.246673 0.917377
0 0.724713 0.675069 0.234096 0.105021 0.916322
0 0.893059 0.397548 0.208527 0.180437 0.912928
0 0.581451 0.421793 0.181212 0.139083 0.906969
0 0.308845 0.228925 0.318077 0.160127 0.892065
0 0.783665 0.864803 0.117119 0.164324 0.885363
0 0.504994 0.925677 0.176357 0.115453 0.85914
0 0.49578 0.813544 0.132569 0.105161 0.857382
0 0.592749 0.782365 0.0744256 0.0684494 0.842595
0 0.885937 0.348828 0.0673409 0.0624029 0.827497
0 0.464538 0.690583 0.105842 0.0716633 0.81257
0 0.0897732 0.0689435 0.0788841 0.0503684 0.811657
0 0.125154 0.231636 0.0594336 0.0533091 0.807781
0 0.783188 0.0584913 0.070591 0.0349216 0.790631
0 0.932433 0.188788 0.0553696 0.0515482 0.78808
0 0.888252 0.578114 0.0930416 0.0503157 0.780451
0 0.157781 0.0402629 0.0597565 0.0530368 0.749447
0 0.38382 0.704278 0.0501636 0.0265324 0.742391
0 0.822096 0.246887 0.0508392 0.0503973 0.734478
0 0.875192 0.719599 0.0727737 0.0329169 0.731656
0 0.741594 0.358852 0.051584 0.0419417 0.715753
0 0.0884349 0.689426 0.0648402 0.0352697 0.715284
0 0.160093 0.379897 0.0583135 0.0504334 0.713691
0 0.178788 0.623641 0.0575817 0.0273052 0.709276
0 0.24976 0.465795 0.0869175 0.0564085 0.705134
0 0.923649 0.703201 0.0316318 0.0222762 0.687928
0 0.348433 0.732906 0.0252209 0.0169225 0.684628
0 0.364569 0.779537 0.0373227 0.0203637 0.677879
0 0.0213541 0.56998 0.0425457 0.0440611 0.647057
0 0.124145 0.869786 0.0263587 0.0294048 0.640748
0 0.0177963 0.216339 0.0355925 0.0569679 0.634909
0 0.755386 0.59456 0.0438652 0.0210146 0.609029
0 0.295117 0.728959 0.0543064 0.0350357 0.606239
0 0.111068 0.813591 0.0790174 0.0393364 0.580198
0 0.289215 0.723803 0.0666742 0.0434074 0.575987
0 0.990933 0.99203 0.0174782 0.0149349 0.549205
0 0.600966 0.833708 0.0327621 0.0237766 0.535348
0 0.21079 0.812066 0.0285032 0.0304403 0.530162
0 0.0114513 0.751553 0.0226584 0.0321442 0.505382
0 0.0107207 0.627572 0.0211328 0.0312949 0.473211
0 0.1882 0.951316 0.0496832 0.0266151 0.434745
0 0.966391 0.969041 0.0162504 0.0139574 0.380096
0 0.345757 0.626112 0.0333802 0.0290878 0.3782
0 0.991489 0.967971 0.0162487 0.0193644 0.310242
0 0.410848 0.979932 0.0319867 0.0176374 0.298626
0 0.54157 0.978067 0.0950002 0.0433338 0.268232
