0 0.296618 0.600924 0.317423 0.265846 0.971346
0 0.472913 0.37467 0.255715 0.188937 0.964486
0 0.699015 0.397235 0.262482 0.157296 0.963801
0 0.824355 0.299297 0.257929 0.190941 0.957408
0 0.753811 0.737207 0.228012 0.230357 0.95344
0 0.695787 0.589816 0.276399 0.219814 0.950772
0 0.46206 0.911424 0.175107 0.143088 0.949674
0 0.28096 0.11175 0.348614 0.217521 0.942194
0 0.782918 0.849799 0.23926 0.244931 0.935285
0 0.0803137 0.392245 0.0587277 0.0454305 0.826245
0 0.0615098 0.51018 0.0577438 0.0456604 0.817498
0 0.130303 0.270884 0.0570667 0.0489045 0.711764
0 0.954922 0.857114 0.090156 0.285772 0.386766
