0 0.903559 0.367675 0.0782581 0.0819429 0.96899
0 0.597114 0.351573 0.127499 0.133467 0.968704
0 0.746371 0.067479 0.119845 0.130227 0.964906
0 0.514998 0.528504 0.109995 0.0681959 0.964532
0 0.372216 0.228026 0.0663868 0.141861 0.963025
0 0.326623 0.378172 0.0864444 0.0854315 0.961218
0 0.295543 0.487796 0.0904122 0.0603312 0.960723
0 0.681253 0.602682 0.0716643 0.0702299 0.957753
0 0.536179 0.467962 0.11748 0.06801 0.955049
0 0.202046 0.446083 0.0364583 0.0384494 0.948832
0 0.516345 0.632229 0.112722 0.0600775 0.948105
0 0.552389 0.10167 0.122966 0.150023 0.945069
0 0.234914 0.823557 0.0682957 0.0645051 0.941705
1 0.511938 0.804357 0.104268 0.0870682 0.941588
0 0.825848 0.221803 0.072126 0.114107 0.9412
0 0.735455 0.553252 0.0691275 0.0902358 0.937064
0 0.292763 0.615496 0.0578386 0.0706603 0.930631
0 0.162491 0.33083 0.0306806 0.0580646 0.924549
0 0.781514 0.397252 0.0801275 0.118167 0.914726
0 0.167841 0.205403 0.0314216 0.0601243 0.89848
0 0.0682107 0.876406 0.0438426 0.0593864 0.895444
0 0.370713 0.471814 0.0398393 0.0224807 0.883425
0 0.932071 0.174034 0.0279722 0.0281567 0.87514
0 0.0739317 0.651313 0.0433652 0.0540984 0.87049
0 0.194951 0.349302 0.0296666 0.034963 0.869179
1 0.748059 0.829299 0.068635 0.0729859 0.864351
0 0.0776744 0.699566 0.0254853 0.0231133 0.862797
0 0.105169 0.441409 0.0127071 0.0167373 0.853794
0 0.894091 0.276282 0.0255552 0.0277134 0.799653
1 0.415924 0.565329 0.0872973 0.065103 0.795562
0 0.637409 0.635437 0.035095 0.0414721 0.787773
0 0.768963 0.16135 0.0579661 0.129638 0.775579
0 0.837597 0.784459 0.0194738 0.0324691 0.766634
0 0.234369 0.437324 0.0311687 0.0290798 0.75988
0 0.145752 0.470171 0.0192855 0.0264271 0.753635
0 0.170962 0.838795 0.0340134 0.0598053 0.74825
0 0.710376 0.189781 0.0174992 0.0195643 0.746576
1 0.894071 0.566861 0.0615395 0.0785338 0.740007
0 0.207553 0.281003 0.0170137 0.0271906 0.737577
1 0.932913 0.470084 0.0750885 0.0934301 0.703253
0 0.870659 0.656147 0.0256399 0.0286509 0.700419
0 0.48346 0.706749 0.0302601 0.0236774 0.696792
0 0.678141 0.248747 0.0203974 0.0353396 0.695744
1 0.580815 0.687163 0.0352975 0.0322346 0.690976
0 0.389074 0.603728 0.0149631 0.0203888 0.656228
0 0.191975 0.708137 0.0187657 0.0243715 0.647756
0 0.489608 0.705328 0.018313 0.0230874 0.615466
0 0.163935 0.501177 0.0356196 0.0271607 0.60997
0 0.211977 0.192757 0.0166753 0.0325215 0.591806
1 0.773403 0.671327 0.0507992 0.0872408 0.590923
0 0.232855 0.538559 0.0131415 0.0152689 0.577909
0 0.580027 0.689262 0.0356319 0.0381163 0.543859
0 0.244116 0.475486 0.0141797 0.0189907 0.481113
1 0.884689 0.73229 0.0601192 0.0810139 0.459522
0 0.454161 0.125411 0.0205856 0.0324235 0.455515
0 0.0983008 0.400873 0.0160876 0.0212927 0.45265
0 0.699732 0.159804 0.0242546 0.0374111 0.428668
0 0.831442 0.534168 0.0475109 0.0619048 0.421952
0 0.451954 0.224929 0.0190804 0.0308582 0.406562
0 0.455217 0.0759126 0.0165742 0.0257149 0.401464
0 0.166488 0.509122 0.0392881 0.0408102 0.393244
0 0.837959 0.386908 0.0205853 0.0220595 0.381995
0 0.891234 0.558878 0.0202517 0.0221416 0.357704
1 0.93575 0.489077 0.0801708 0.0587082 0.345017
0 0.466452 0.706482 0.0255848 0.0228111 0.330764
0 0.160046 0.487684 0.0476703 0.0723833 0.327998
1 0.947127 0.473713 0.105747 0.0912275 0.324356
0 0.254906 0.155704 0.0316915 0.0590428 0.32187
0 0.39909 0.695914 0.0131575 0.0132929 0.319656
0 0.453943 0.77543 0.0126193 0.0161695 0.309124
0 0.419032 0.603057 0.0295866 0.0153944 0.30825
1 0.530612 0.812788 0.0637154 0.0624311 0.283489
1 0.976716 0.449122 0.0465515 0.0475822 0.27372
1 0.887046 0.650687 0.0493389 0.103217 0.269064
1 0.893224 0.58018 0.0604809 0.0541792 0.265978
1 0.977438 0.501935 0.0449192 0.0658279 0.257958
0 0.203102 0.737168 0.00984082 0.0150345 0.253773
