0 0.151402 0.709684 0.23997 0.0323082 0.774793
0 0.410265 0.556388 0.271872 0.0368496 0.730717
0 0.481329 0.412105 0.301557 0.0538365 0.721155
0 0.739329 0.604874 0.291857 0.0557169 0.705816
0 0.631075 0.928736 0.243294 0.0327522 0.591038
0 0.854014 0.649566 0.188208 0.0409037 0.584552
0 0.460935 0.322045 0.242796 0.0400906 0.566878
0 0.298439 0.0878315 0.167503 0.0400783 0.540388
0 0.594345 0.455214 0.166484 0.0312113 0.538648
0 0.280346 0.508141 0.213352 0.0321205 0.459768
0 0.828285 0.206902 0.161804 0.0328829 0.404096
0 0.536172 0.265906 0.203591 0.0349534 0.34587
0 0.611457 0.124032 0.209049 0.0387933 0.297164
0 0.514067 0.410183 0.218115 0.0530162 0.263873
0 0.510664 0.172923 0.162834 0.0368308 0.261714
