0 0.823554 0.300312 0.260556 0.191577 0.979926
0 0.695662 0.400463 0.260205 0.160621 0.973478
0 0.460962 0.912063 0.178053 0.143449 0.966562
0 0.276226 0.115229 0.355395 0.217033 0.960441
0 0.292691 0.602827 0.318632 0.266774 0.956197
0 0.781573 0.849182 0.23994 0.240891 0.954862
0 0.692831 0.590038 0.275056 0.21778 0.932185
0 0.471266 0.375082 0.255225 0.187074 0.920422
0 0.752846 0.739709 0.229512 0.236296 0.908371
0 0.0769841 0.393069 0.0547903 0.0460871 0.899066
0 0.0578924 0.51075 0.0551265 0.0449084 0.885949
0 0.127674 0.271761 0.0559235 0.0479627 0.832618
1 0.125938 0.904756 0.251877 0.190489 0.665423
