0 0.903334 0.367198 0.0777134 0.0828134 0.979684
0 0.536562 0.468063 0.119181 0.0719072 0.96217
0 0.3716 0.226455 0.0676539 0.142232 0.960188
0 0.597341 0.350265 0.127095 0.134472 0.958018
0 0.325707 0.378232 0.0881398 0.0868679 0.95431
0 0.202012 0.446727 0.0364009 0.0386921 0.949009
0 0.552266 0.101829 0.122745 0.151705 0.948669
0 0.516954 0.632128 0.110747 0.0607905 0.943378
0 0.235014 0.824351 0.0682281 0.0631358 0.943119
0 0.167637 0.205108 0.0304539 0.0603051 0.942857
0 0.297224 0.487308 0.093524 0.0632327 0.939734
0 0.823629 0.223149 0.0682587 0.115735 0.93803
1 0.511809 0.804463 0.103988 0.0886932 0.935451
0 0.73602 0.553382 0.0681221 0.0895875 0.93349
0 0.682348 0.601936 0.0694323 0.0706226 0.926286
0 0.748642 0.0673733 0.125013 0.129607 0.925376
0 0.162705 0.330041 0.0306758 0.0575021 0.920104
0 0.0731895 0.650895 0.0418543 0.0512272 0.915957
1 0.74777 0.829807 0.0689656 0.0715047 0.908338
0 0.292609 0.616301 0.0582596 0.0696078 0.902833
0 0.932034 0.174057 0.0271532 0.026559 0.902369
1 0.415531 0.56529 0.0852369 0.0648593 0.890901
0 0.516119 0.529332 0.108917 0.0695772 0.883579
0 0.0686968 0.876413 0.0418415 0.0600219 0.852929
0 0.195143 0.350637 0.0304797 0.0373826 0.823081
0 0.709911 0.19005 0.0161236 0.0196687 0.804884
0 0.781637 0.397333 0.079318 0.117492 0.804827
0 0.488372 0.707197 0.021081 0.0221737 0.777341
0 0.370888 0.472911 0.0401016 0.02107 0.760572
0 0.145578 0.469142 0.020774 0.0292927 0.741153
0 0.212065 0.193362 0.0152073 0.0295315 0.726745
0 0.677694 0.248028 0.0201213 0.0360508 0.68328
0 0.234117 0.537946 0.011525 0.0157608 0.67497
0 0.234312 0.437164 0.032785 0.030263 0.663743
0 0.0776996 0.699937 0.024562 0.0243631 0.646815
0 0.208332 0.28149 0.0148551 0.0240855 0.633374
1 0.883175 0.730088 0.0569939 0.0767209 0.623608
0 0.580063 0.686763 0.0314192 0.0314413 0.618911
0 0.170712 0.837887 0.0334859 0.0563132 0.613338
0 0.891666 0.559541 0.0190204 0.0207982 0.610469
0 0.639357 0.63637 0.0354784 0.0419853 0.607391
0 0.192049 0.708471 0.0180141 0.0253136 0.599574
0 0.870473 0.656325 0.0260822 0.02975 0.598518
0 0.45679 0.074842 0.0200117 0.0276161 0.588076
0 0.105604 0.440928 0.0105599 0.0159191 0.556834
0 0.83738 0.784317 0.018713 0.0281295 0.532379
0 0.8939 0.276895 0.0237461 0.0243419 0.498512
0 0.767585 0.180405 0.0569798 0.0912425 0.490158
0 0.20277 0.737536 0.0104589 0.0148504 0.461723
0 0.832029 0.531319 0.0489948 0.069948 0.438857
0 0.699242 0.1587 0.0219645 0.0347951 0.418408
0 0.0566187 0.720667 0.0234534 0.0307465 0.361521
0 0.259178 0.170968 0.0194022 0.0290366 0.288555
1 0.896221 0.56243 0.062901 0.0861921 0.270998
0 0.155507 0.503774 0.0195621 0.0359264 0.259669
0 0.454879 0.12531 0.0192526 0.031057 0.257203
0 0.244698 0.473888 0.0128216 0.0167694 0.25383
