0 0.569387 0.0305134 0.256746 0.0529912 0.96605
0 0.476232 0.412436 0.293139 0.0550464 0.946387
0 0.736968 0.604565 0.298182 0.0570511 0.943694
0 0.461629 0.320367 0.229111 0.0358338 0.929527
0 0.852618 0.648104 0.19239 0.0364494 0.926662
0 0.406922 0.558688 0.265595 0.0349707 0.92597
0 0.353089 0.803979 0.17911 0.0314537 0.925568
0 0.592149 0.457168 0.162017 0.0279927 0.925093
0 0.630505 0.93242 0.255299 0.032925 0.922843
0 0.223901 0.954786 0.208114 0.0310823 0.921304
0 0.294051 0.0899653 0.172252 0.0356267 0.912209
0 0.604845 0.123214 0.206584 0.0335741 0.909212
0 0.831262 0.208313 0.163074 0.0336641 0.907737
0 0.149314 0.712115 0.236825 0.0308056 0.900284
0 0.315762 0.846381 0.134119 0.0230172 0.896618
0 0.53247 0.266952 0.204467 0.0322337 0.890304
0 0.509699 0.173226 0.16506 0.0296089 0.874273
0 0.289897 0.511686 0.182976 0.0295216 0.861423
0 0.720736 0.823695 0.183048 0.0250027 0.845555
0 0.311459 0.617779 0.256899 0.0547751 0.407043
0 0.355437 0.618449 0.217486 0.0588943 0.350867
