0 0.781688 0.862952 0.126486 0.168783 0.9922
0 0.581709 0.421607 0.180899 0.140624 0.973119
0 0.497833 0.135224 0.209389 0.242324 0.968127
0 0.31012 0.227096 0.318003 0.16336 0.965011
0 0.724127 0.671779 0.239677 0.104831 0.96104
1 0.329153 0.725142 0.257183 0.166901 0.957359
0 0.494652 0.813861 0.138808 0.107436 0.953706
0 0.890527 0.397106 0.209987 0.183858 0.948909
1 0.89263 0.711602 0.183076 0.114865 0.94878
0 0.781623 0.059991 0.0706156 0.0308817 0.942018
0 0.593381 0.781598 0.0723011 0.0708558 0.937369
0 0.0881291 0.687761 0.0671649 0.0348879 0.935387
0 0.502323 0.92198 0.183482 0.110402 0.935265
0 0.464695 0.687609 0.109178 0.0738291 0.926701
0 0.123603 0.23213 0.063679 0.0577721 0.923023
0 0.885981 0.348835 0.0667793 0.0610767 0.914896
0 0.156725 0.0399898 0.06295 0.0546529 0.902287
0 0.931857 0.187035 0.0576562 0.0568735 0.885416
0 0.886728 0.578033 0.0928548 0.0495533 0.881433
0 0.091245 0.0692292 0.0812442 0.0501381 0.879523
0 0.924279 0.704991 0.0294413 0.0206891 0.87138
0 0.0173718 0.220663 0.0347436 0.0458544 0.861096
0 0.111016 0.811946 0.0799686 0.0396 0.809029
0 0.82224 0.244868 0.0569587 0.0581879 0.799325
0 0.210224 0.811437 0.0284263 0.0299557 0.781832
0 0.178934 0.621724 0.0555154 0.0292412 0.770625
0 0.124598 0.870174 0.0290669 0.0294435 0.749529
0 0.164366 0.374001 0.0652824 0.0672824 0.741731
0 0.0218586 0.57875 0.0433916 0.0322001 0.733456
0 0.188822 0.947789 0.0479846 0.0262951 0.714978
0 0.301412 0.730229 0.04362 0.0344471 0.66076
0 0.253409 0.464385 0.0973837 0.0601173 0.651571
0 0.744414 0.338808 0.0603436 0.0884094 0.619901
0 0.0116561 0.750197 0.0233122 0.0307325 0.57112
0 0.0106418 0.628244 0.0212836 0.0272767 0.537498
0 0.382736 0.704111 0.0507236 0.0254879 0.514899
0 0.555684 0.970618 0.0617632 0.0250847 0.51368
0 0.874752 0.721878 0.0709802 0.027443 0.452987
0 0.990263 0.992129 0.0194747 0.0155304 0.400275
0 0.410361 0.979349 0.033655 0.0163376 0.367374
0 0.292708 0.727889 0.0623926 0.0384841 0.305419
